0.00000000 
0.70650280 
1.00000000 
1.00000000 
0.13495740 
0.38055380 
1.00000000 
0.02199046 
0.97243920 
0.14938160 
0.05755902 
1.00000000 
0.80456470 
1.00000000 
0.38773040 
1.00000000 
0.13277730 
1.00000000 
0.64572170 
0.22652240 
0.06797948 
0.00549461 
0.72790110 
0.93130800 
1.00000000 
0.19697180 
0.89336480 
0.50716450 
0.25505740 
0.04083107 
0.48726670 
0.85744290 
0.80270060 
1.00000000 
1.00000000 
0.89626500 
0.02525273 
0.78958460 
0.34073490 
0.82399120 
1.00000000 
0.16139080 
0.00000000 
1.00000000 
0.02009628 
0.02816210 
0.99810650 
0.45550190 
0.07553620 
1.00000000 
0.11170640 
0.98375770 
0.04374612 
0.39150370 
0.94149400 
0.06593994 
0.64160120 
1.00000000 
1.00000000 
0.99790350 
0.50280480 
1.00000000 
0.11188390 
0.54075720 
0.77553080 
0.27555850 
0.76779720 
0.64904960 
0.54360810 
1.00000000 
1.00000000 
0.13679020 
1.00000000 
0.92212080 
0.00000000 
1.00000000 
0.00288304 
0.00000000 
1.00000000 
0.04053656 
0.55235160 
0.06451105 
0.15248480 
0.65761010 
0.24002330 
0.94875690 
0.24599540 
0.00000000 
0.26069710 
0.60359050 
1.00000000 
0.46623500 
0.96524820 
0.46341410 
0.90863930 
0.75232370 
0.03247801 
0.00000000 
0.59154460 
0.00000000 
0.29933890 
0.07365183 
1.00000000 
0.00000000 
0.23146920 
0.05152187 
0.93885480 
0.82000710 
0.70412120 
0.26131640 
0.50051980 
1.00000000 
0.47685090 
1.00000000 
1.00000000 
0.42624660 
0.43210420 
0.81163260 
0.18690330 
1.00000000 
0.86120140 
0.32875020 
1.00000000 
0.16475990 
1.00000000 
0.26182120 
0.00801562 
0.08055394 
1.00000000 
0.76392130 
0.53986590 
0.98367860 
1.00000000 
1.00000000 
1.00000000 
0.07053121 
1.00000000 
0.99777000 
0.81010660 
0.32547610 
1.00000000 
0.97283910 
0.79792560 
0.63843780 
0.24745380 
0.19224450 
0.40813450 
0.00000000 
1.00000000 
0.33769290 
0.99394550 
0.00000000 
0.00000000 
0.06760281 
0.08073609 
0.71426870 
0.97794030 
0.03004929 
0.00000000 
0.00000000 
0.05454172 
0.66908760 
0.11950960 
0.95048420 
0.00000000 
0.56224910 
0.98751260 
0.00267997 
1.00000000 
0.45685990 
0.89760960 
0.03064208 
0.44120670 
0.03539439 
0.05658175 
0.13728510 
0.62248970 
0.59169360 
1.00000000 
0.00958428 
0.92405690 
0.96544530 
1.00000000 
1.00000000 
1.00000000 
0.41679270 
0.16470820 
0.30551060 
0.10951480 
0.88822420 
0.17963910 
0.11498180 
0.32375480 
0.98038720 
0.50888630 
0.11534640 
0.19159780 
0.21038310 
0.93716630 
0.70259550 
1.00000000 
1.00000000 
0.00000000 
0.37603940 
1.00000000 
0.44590290 
1.00000000 
1.00000000 
1.00000000 
0.49978400 
0.06240659 
0.39874530 
0.02232189 
0.16016140 
0.55137780 
1.00000000 
1.00000000 
1.00000000 
0.51035460 
1.00000000 
1.00000000 
0.20218720 
0.91939840 
0.22834270 
1.00000000 
0.31361010 
0.66725150 
0.02123834 
1.00000000 
0.97316820 
0.41979950 
1.00000000 
0.64148450 
0.85659260 
0.67726480 
0.00000000 
1.00000000 
1.00000000 
0.74636670 
0.22599210 
0.16956340 
1.00000000 
1.00000000 
1.00000000 
0.08157202 
1.00000000 
0.68585150 
1.00000000 
0.76872410 
0.22246120 
1.00000000 
1.00000000 
1.00000000 
0.74695650 
0.11274380 
0.49294310 
1.00000000 
0.85172250 
1.00000000 
1.00000000 
1.00000000 
0.03827252 
1.00000000 
0.94492510 
1.00000000 
1.00000000 
1.00000000 
1.00000000 
0.00000000 
0.78549830 
1.00000000 
1.00000000 
0.00000000 
0.04377424 
0.14773800 
0.80697840 
0.80333830 
0.44198190 
1.00000000 
0.33877330 
0.95819410 
0.00000000 
0.20274970 
1.00000000 
1.00000000 
0.58375950 
1.00000000 
1.00000000 
0.17420090 
0.68442760 
0.99055530 
1.00000000 
0.00000000 
1.00000000 
0.08576249 
0.14877850 
0.67087940 
0.90225600 
0.91147320 
0.69816530 
0.33483380 
0.47159120 
0.94959350 
1.00000000 
0.21713150 
0.33169030 
0.00000000 
0.00000000 
0.00000000 
0.59804970 
0.01942348 
0.18521860 
0.33449490 
1.00000000 
0.81706110 
1.00000000 
0.38259440 
1.00000000 
0.86813990 
1.00000000 
0.76264320 
0.74462350 
0.87287440 
1.00000000 
1.00000000 
1.00000000 
0.96942060 
0.35937930 
1.00000000 
0.20129620 
1.00000000 
0.00000000 
0.24113380 
1.00000000 
0.00000000 
0.15722040 
0.91319870 
0.55608420 
1.00000000 
0.00000000 
1.00000000 
0.11740600 
1.00000000 
0.53701580 
0.00000000 
0.85881840 
0.97161810 
0.07115892 
0.33704330 
1.00000000 
0.00000000 
0.29088270 
1.00000000 
0.13864470 
0.00000000 
0.21180010 
1.00000000 
0.36841670 
1.00000000 
0.94239720 
0.90268590 
0.81399140 
0.93994910 
0.00000000 
1.00000000 
0.60185600 
1.00000000 
1.00000000 
0.78439930 
0.98998340 
1.00000000 
1.00000000 
1.00000000 
0.85966660 
0.44464230 
0.76345830 
0.79641620 
0.00000000 
1.00000000 
0.99116220 
1.00000000 
0.20173800 
0.29394500 
0.62230550 
0.62789740 
0.98139200 
1.00000000 
1.00000000 
0.68774760 
1.00000000 
0.12035110 
0.81274590 
0.12408150 
0.72255080 
1.00000000 
1.00000000 
0.75340350 
0.85294320 
0.27434760 
0.59474480 
0.55567970 
0.88246610 
0.94469550 
0.00000000 
0.64576790 
0.01546335 
0.00000000 
0.39150780 
0.91400270 
0.83056370 
0.50825170 
0.07000974 
1.00000000 
0.00000000 
0.57242520 
0.06494323 
0.00000000 
0.00000000 
0.28048970 
1.00000000 
1.00000000 
1.00000000 
1.00000000 
1.00000000 
0.00000000 
1.00000000 
0.00000000 
0.57348740 
0.49022080 
0.05910661 
0.47858070 
0.23994130 
0.00000000 
0.10231410 
0.00000000 
1.00000000 
0.30015230 
0.53433730 
0.15912120 
0.04399876 
1.00000000 
0.00000000 
0.87493660 
1.00000000 
1.00000000 
0.00516760 
0.25647610 
0.18053850 
0.00000000 
0.39932640 
1.00000000 
0.00000000 
1.00000000 
0.92363730 
0.16037550 
0.06111320 
0.60003010 
0.12293000 
0.00000000 
0.65313270 
0.96541950 
1.00000000 
0.00000000 
1.00000000 
0.00000000 
0.04597697 
0.70443860 
0.14468200 
1.00000000 
0.02565851 
0.69213200 
0.80435760 
0.16821430 
0.99125900 
1.00000000 
1.00000000 
1.00000000 
1.00000000 
1.00000000 
1.00000000 
0.48694510 
1.00000000 
0.00000000 
0.91582850 
1.00000000 
0.98075570 
0.41403600 
0.70426240 
0.46706440 
0.92066130 
0.98914090 
1.00000000 
0.71711830 
0.46097130 
1.00000000 
0.74465110 
1.00000000 
0.00000000 
0.07934359 
0.04423599 
0.48672120 
0.12258960 
1.00000000 
0.16340320 
1.00000000 
0.94345900 
0.75788750 
0.00000000 
0.73023800 
0.21557190 
1.00000000 
1.00000000 
0.63110600 
0.38561750 
0.03307845 
0.76951240 
0.13308820 
1.00000000 
0.99790190 
0.91407320 
0.00000000 
0.21498250 
0.17232270 
0.16994790 
0.00000000 
0.73806380 
1.00000000 
0.09073964 
0.10549360 
0.05054781 
0.93799050 
0.31495950 
1.00000000 
0.32932550 
1.00000000 
0.08078802 
1.00000000 
0.88787830 
0.11652150 
1.00000000 
0.00000000 
0.24730880 
1.00000000 
0.98414810 
0.00000000 
0.83535210 
0.00000000 
1.00000000 
0.00000000 
0.06864141 
1.00000000 
0.50657450 
0.94924680 
1.00000000 
0.71794280 
0.48729720 
0.99155290 
1.00000000 
1.00000000 
0.00000000 
1.00000000 
0.43180570 
0.88521160 
0.03516552 
0.23311170 
0.00000000 
0.00000000 
0.45112150 
0.00000000 
0.93657900 
0.02925988 
1.00000000 
1.00000000 
1.00000000 
0.33704540 
0.00000000 
1.00000000 
1.00000000 
1.00000000 
0.88445080 
0.40237490 
0.96950040 
1.00000000 
1.00000000 
1.00000000 
1.00000000 
0.09818036 
1.00000000 
0.00000000 
0.25855590 
0.94204290 
0.42681230 
0.16312180 
0.80744800 
1.00000000 
0.39438240 
0.46094800 
0.00480360 
0.99030110 
0.60539350 
1.00000000 
0.00000000 
0.85910220 
0.85528670 
0.21557250 
0.91991190 
0.84203060 
1.00000000 
1.00000000 
0.90689310 
0.00000000 
1.00000000 
0.72350840 
1.00000000 
0.18116020 
1.00000000 
1.00000000 
1.00000000 
0.15715940 
1.00000000 
0.84428500 
0.94045420 
0.00000000 
1.00000000 
0.00000000 
1.00000000 
0.44562180 
1.00000000 
1.00000000 
0.50273080 
0.67861030 
0.12173050 
1.00000000 
1.00000000 
0.24125910 
0.00000000 
0.00000000 
0.00000000 
1.00000000 
1.00000000 
0.59345750 
0.22992900 
0.00935674 
1.00000000 
0.04984353 
0.13800810 
0.74004410 
0.89519100 
0.43649900 
0.66555820 
0.15344830 
0.12252950 
0.05462373 
0.57507100 
1.00000000 
0.00000000 
0.56616030 
1.00000000 
1.00000000 
0.98528320 
0.27099730 
0.00000000 
0.89739840 
0.26389410 
0.47111150 
1.00000000 
1.00000000 
0.14709100 
1.00000000 
1.00000000 
1.00000000 
0.98800130 
1.00000000 
0.28986800 
0.40679540 
1.00000000 
1.00000000 
0.80638770 
0.55556980 
0.65028170 
0.50412390 
0.83509240 
0.09236388 
0.00000000 
0.96761350 
0.98014250 
0.03937639 
0.58489450 
0.00000000 
1.00000000 
1.00000000 
1.00000000 
0.86496910 
0.85975680 
0.90269530 
0.06291074 
0.71116210 
1.00000000 
0.75693050 
0.00000000 
1.00000000 
0.95374930 
0.84183110 
0.26964550 
1.00000000 
0.18315330 
0.79933660 
0.43049190 
1.00000000 
1.00000000 
0.00000000 
0.25157520 
1.00000000 
0.73760150 
1.00000000 
0.33939050 
1.00000000 
1.00000000 
0.15337540 
0.92379410 
1.00000000 
0.27361970 
1.00000000 
1.00000000 
1.00000000 
0.13742230 
0.81441360 
1.00000000 
0.71570590 
1.00000000 
0.03620824 
1.00000000 
0.02013131 
1.00000000 
0.62910240 
0.34367500 
0.11802810 
1.00000000 
1.00000000 
0.11125830 
0.28838900 
0.00000000 
0.01677646 
0.00000000 
0.91893240 
0.06318439 
0.17305760 
0.48725700 
1.00000000 
0.91618930 
1.00000000 
1.00000000 
0.16139080 
1.00000000 
0.31792800 
1.00000000 
0.18477940 
1.00000000 
0.92627380 
0.13396480 
0.06328031 
0.61907960 
0.00000000 
0.98111950 
0.31152450 
0.84820250 
0.27744970 
0.76451130 
0.88007940 
0.92838310 
0.61290710 
0.20101780 
0.92184390 
1.00000000 
0.00182991 
0.62391810 
0.33744060 
0.41414770 
0.23439290 
1.00000000 
0.96450140 
0.99627230 
0.50558680 
0.00000000 
0.00000000 
0.00000000 
0.14810200 
0.32409690 
0.39834070 
0.61174280 
0.37180760 
1.00000000 
1.00000000 
0.09042546 
1.00000000 
1.00000000 
1.00000000 
0.09884229 
0.00000000 
1.00000000 
0.00000000 
1.00000000 
0.94878630 
0.00000000 
0.99294020 
0.37501440 
0.01189161 
0.66283400 
1.00000000 
0.58701790 
0.05118949 
0.00000000 
0.97810100 
0.51896480 
0.88418900 
0.53916810 
0.52455030 
0.53359850 
1.00000000 
1.00000000 
0.87552480 
0.06912643 
0.04567376 
0.00000000 
0.00000000 
1.00000000 
0.62659170 
1.00000000 
0.69763660 
0.06101767 
0.01623354 
0.78351770 
0.26998900 
0.85975680 
0.42831470 
0.00000000 
0.95714410 
0.26373610 
0.00000000 
1.00000000 
0.50656450 
0.08786213 
0.64274310 
0.03276189 
0.00953428 
0.81511120 
0.92657000 
0.68326880 
1.00000000 
0.16421060 
0.81842090 
0.00000000 
0.02649360 
0.53140400 
0.15245380 
0.02680026 
1.00000000 
0.07735287 
0.93756070 
0.13686610 
1.00000000 
0.31732630 
1.00000000 
0.08554675 
1.00000000 
0.93946120 
1.00000000 
0.39223780 
0.82076760 
0.53932460 
1.00000000 
1.00000000 
1.00000000 
0.99909020 
0.57958160 
1.00000000 
0.25730340 
0.59067790 
1.00000000 
0.52951000 
0.90061780 
0.16838270 
1.00000000 
1.00000000 
1.00000000 
1.00000000 
1.00000000 
1.00000000 
1.00000000 
0.91203310 
0.00000000 
1.00000000 
0.82573310 
0.00000000 
0.74120350 
1.00000000 
0.73528640 
0.34212410 
1.00000000 
1.00000000 
0.00000000 
0.19383030 
0.02391599 
0.23197400 
0.89488440 
0.02513716 
0.22967280 
1.00000000 
0.96365640 
0.92289080 
0.67653110 
0.26225380 
0.80355850 
0.29981250 
0.83003010 
0.55555140 
0.25801250 
0.80005960 
0.00000000 
0.64934100 
0.91109030 
0.12723480 
1.00000000 
1.00000000 
1.00000000 
0.70817820 
0.00000000 
1.00000000 
1.00000000 
0.63472060 
1.00000000 
0.11835890 
0.01582754 
0.76811590 
0.44549550 
1.00000000 
0.03755371 
0.00000000 
0.94196560 
0.61000750 
1.00000000 
1.00000000 
0.00089861 
0.33030980 
0.00000000 
0.39122010 
0.50705340 
1.00000000 
0.85506680 
0.00000000 
0.00000000 
1.00000000 
1.00000000 
1.00000000 
0.00000000 
1.00000000 
1.00000000 
1.00000000 
0.00000000 
1.00000000 
0.46743270 
0.22073380 
1.00000000 
0.74473500 
0.16817680 
0.00000000 
0.16565320 
1.00000000 
1.00000000 
0.28849020 
0.28843150 
0.16614680 
1.00000000 
0.99042310 
1.00000000 
0.20846270 
1.00000000 
1.00000000 
0.00000000 
1.00000000 
1.00000000 
1.00000000 
0.47386940 
1.00000000 
0.09297695 
0.11265950 
0.85262560 
0.13272630 
0.40974970 
0.09589586 
1.00000000 
0.00000000 
1.00000000 
0.98007940 
0.34905870 
1.00000000 
0.86126460 
0.20276880 
0.31480510 
0.49432150 
0.89967780 
0.00000000 
0.97029400 
1.00000000 
1.00000000 
0.00000000 
0.90613990 
1.00000000 
0.99146840 
1.00000000 
0.88365500 
0.00000000 
0.02550513 
0.26970580 
0.61555940 
0.61612090 
1.00000000 
0.55106790 
1.00000000 
0.51011560 
0.12794500 
0.86683240 
0.64904960 
0.05114115 
0.94329710 
1.00000000 
0.28357800 
1.00000000 
1.00000000 
1.00000000 
0.89838240 
1.00000000 
0.47878490 
0.11905410 
0.79413860 
0.29285660 
1.00000000 
1.00000000 
1.00000000 
0.83771870 
1.00000000 
0.18085120 
1.00000000 
1.00000000 
1.00000000 
0.00000000 
0.87278190 
0.14250690 
0.65808510 
0.21993640 
1.00000000 
1.00000000 
0.07215329 
0.67932740 
0.02379793 
0.73824680 
1.00000000 
0.03413663 
1.00000000 
0.08320509 
0.00000000 
0.93941330 
1.00000000 
0.00000000 
1.00000000 
0.00000000 
0.00000000 
0.95568740 
0.60578980 
1.00000000 
1.00000000 
1.00000000 
1.00000000 
0.44334350 
0.34940380 
0.00000000 
1.00000000 
0.00208905 
0.15666950 
1.00000000 
1.00000000 
0.31688870 
0.90782610 
0.70200290 
0.65321370 
0.37555970 
1.00000000 
0.75891130 
0.00000000 
1.00000000 
0.00000000 
0.00000000 
1.00000000 
1.00000000 
1.00000000 
0.84239320 
0.01330844 
1.00000000 
0.14875120 
1.00000000 
1.00000000 
1.00000000 
1.00000000 
0.17077630 
0.26628750 
0.94667300 
1.00000000 
0.05307282 
0.03401121 
0.00000000 
1.00000000 
1.00000000 
0.99660410 
0.39861920 
0.52184650 
0.36230400 
0.94547230 
1.00000000 
0.95585310 
0.15275580 
0.26140650 
0.14877850 
0.00000000 
0.47230850 
0.04109157 
1.00000000 
1.00000000 
1.00000000 
0.44006690 
0.58248320 
0.00000000 
1.00000000 
0.00000000 
0.58241660 
0.27289120 
0.37001820 
1.00000000 
0.85291310 
0.61149400 
0.07181212 
0.69342980 
0.00000000 
1.00000000 
1.00000000 
1.00000000 
0.04023956 
1.00000000 
0.28400720 
0.22280390 
0.97563980 
0.94132980 
1.00000000 
0.19631880 
0.43449840 
0.23099210 
1.00000000 
0.40572310 
1.00000000 
1.00000000 
0.33645420 
1.00000000 
0.18940790 
0.50814520 
0.97726870 
0.06310949 
0.22602970 
0.73743610 
0.76719920 
0.97320220 
1.00000000 
0.52371530 
1.00000000 
1.00000000 
0.59196560 
0.35089580 
1.00000000 
0.30347200 
0.16351640 
1.00000000 
0.67777230 
1.00000000 
0.00000000 
0.00000000 
0.53749720 
1.00000000 
0.36982560 
1.00000000 
0.39690080 
0.53186790 
0.92519500 
0.78552630 
1.00000000 
1.00000000 
0.00000000 
0.94191710 
0.43012010 
1.00000000 
0.84137250 
0.11070520 
0.72783360 
0.95598820 
1.00000000 
0.99715820 
1.00000000 
0.97549010 
1.00000000 
0.18289360 
0.82212220 
1.00000000 
1.00000000 
0.49161960 
1.00000000 
0.55916540 
0.00000000 
0.26037020 
1.00000000 
0.53742450 
1.00000000 
1.00000000 
1.00000000 
0.07239854 
1.00000000 
0.63543340 
0.64830340 
0.72315660 
0.31343280 
0.20053180 
1.00000000 
0.68699140 
1.00000000 
0.00000000 
0.94071330 
0.80897540 
0.00000000 
0.99376270 
0.00000000 
1.00000000 
1.00000000 
1.00000000 
1.00000000 
0.12428930 
1.00000000 
0.37043280 
1.00000000 
0.19570950 
0.02886012 
0.00000000 
0.15068860 
0.03128853 
0.07003474 
0.33572870 
1.00000000 
1.00000000 
0.81148760 
0.11709240 
0.00000000 
1.00000000 
1.00000000 
0.00000000 
0.10964380 
0.86007640 
0.88126080 
0.82095050 
1.00000000 
0.84186970 
1.00000000 
0.11940030 
0.32154110 
0.00000000 
0.05133478 
0.25585780 
1.00000000 
0.27569310 
0.22273660 
0.08045537 
0.95740060 
0.12459790 
0.39701090 
1.00000000 
0.96470430 
0.85795680 
0.14173230 
0.05994444 
0.25517360 
0.98681590 
0.32933810 
1.00000000 
0.53987000 
1.00000000 
0.90879000 
0.82753380 
1.00000000 
0.00000000 
0.00000000 
0.20371940 
1.00000000 
0.00000000 
0.00571097 
0.78270600 
0.57228530 
1.00000000 
0.90234260 
0.76739760 
1.00000000 
1.00000000 
0.34990670 
0.00000000 
1.00000000 
1.00000000 
0.21822760 
0.54769240 
0.16347510 
0.00000000 
0.41048280 
0.99227180 
1.00000000 
0.41549250 
0.02876210 
0.84347250 
1.00000000 
1.00000000 
0.89123960 
1.00000000 
0.10526610 
0.00000000 
1.00000000 
0.29250610 
0.20778440 
1.00000000 
0.00000000 
0.57753470 
1.00000000 
0.01442814 
0.88348000 
1.00000000 
0.00000000 
0.00000000 
0.00000000 
0.00000000 
0.18710190 
1.00000000 
1.00000000 
0.04270753 
0.37406830 
0.42134030 
0.88425230 
0.78790770 
1.00000000 
0.00000000 
1.00000000 
0.12008160 
0.92182530 
1.00000000 
0.38155990 
0.29452710 
1.00000000 
0.00000000 
0.12385530 
1.00000000 
1.00000000 
0.29272360 
1.00000000 
0.00000000 
0.14808560 
0.22308380 
1.00000000 
1.00000000 
0.02610441 
0.19925550 
0.26460000 
0.53021450 
0.24060550 
0.17168990 
0.00000000 
0.85378370 
1.00000000 
0.31090120 
0.20099930 
0.78349050 
0.93895220 
1.00000000 
0.00000000 
0.92738830 
1.00000000 
0.96723810 
0.03447788 
1.00000000 
0.18215540 
0.97349020 
1.00000000 
1.00000000 
1.00000000 
0.00000000 
1.00000000 
1.00000000 
0.96422370 
0.21466110 
0.40523760 
1.00000000 
0.00000000 
1.00000000 
0.01122716 
0.00000000 
0.46341410 
0.23177160 
1.00000000 
1.00000000 
0.23805760 
0.00000000 
0.45962480 
1.00000000 
1.00000000 
0.18451400 
0.17067180 
0.52225630 
0.77720700 
0.20630670 
1.00000000 
0.33260510 
1.00000000 
0.75857950 
0.12768380 
0.00873277 
0.72579830 
0.00000000 
1.00000000 
0.00000000 
0.62014760 
0.18657960 
0.31303770 
0.05929791 
0.49491780 
1.00000000 
1.00000000 
0.85975680 
1.00000000 
0.13156910 
1.00000000 
0.05619657 
0.48878680 
0.00006310 
0.00530704 
0.05377148 
0.43697520 
0.95503350 
1.00000000 
0.00000000 
0.00000000 
0.14677100 
0.00000000 
0.04440611 
0.93885300 
1.00000000 
0.26254350 
0.20855160 
0.15365020 
0.55932560 
1.00000000 
0.20200070 
0.34033240 
1.00000000 
0.93513100 
1.00000000 
1.00000000 
0.20634790 
0.81822390 
1.00000000 
0.16579220 
1.00000000 
0.48664140 
0.79114710 
0.36058000 
1.00000000 
1.00000000 
0.07850750 
0.27732400 
0.08747517 
0.00000000 
0.98807660 
0.72156470 
1.00000000 
1.00000000 
0.10804570 
0.18374280 
1.00000000 
1.00000000 
0.00000000 
0.65056370 
0.18085120 
1.00000000 
0.39853660 
0.77250890 
1.00000000 
0.58024130 
0.19292720 
0.01554591 
0.06642449 
0.22215560 
0.98598480 
1.00000000 
0.63758490 
1.00000000 
0.22216560 
0.92397770 
0.37859870 
0.90527370 
0.00000000 
0.51448320 
1.00000000 
0.37985910 
1.00000000 
0.47970210 
1.00000000 
0.58060810 
0.00000000 
0.57030390 
1.00000000 
0.01777589 
0.08787876 
1.00000000 
0.67367820 
1.00000000 
1.00000000 
0.38905420 
0.74803350 
0.94510920 
1.00000000 
1.00000000 
0.00411286 
0.48041610 
0.17298830 
1.00000000 
0.05602436 
1.00000000 
0.00000000 
0.44939480 
0.37167010 
0.00000000 
0.46665710 
0.06501757 
1.00000000 
0.00000000 
0.08786269 
0.97720740 
0.90493110 
1.00000000 
0.00000000 
0.83218230 
0.98990090 
0.74062040 
1.00000000 
0.75209960 
0.20394220 
0.82987510 
0.74147640 
0.00000000 
0.16573630 
1.00000000 
1.00000000 
1.00000000 
0.85012590 
0.00000000 
0.50021880 
0.01368927 
1.00000000 
1.00000000 
0.83751710 
0.07088089 
0.13035160 
0.42832320 
0.99248670 
1.00000000 
1.00000000 
0.20822330 
0.58023550 
1.00000000 
0.23226470 
1.00000000 
0.24076910 
0.07919970 
0.18001560 
1.00000000 
0.81402560 
0.72732710 
0.06686258 
0.52922210 
0.02178551 
0.92468170 
1.00000000 
1.00000000 
0.21709410 
1.00000000 
1.00000000 
1.00000000 
0.00450108 
1.00000000 
0.35187300 
0.81529460 
0.00000000 
0.64212860 
0.93039350 
1.00000000 
0.00000000 
0.36248410 
0.47568060 
1.00000000 
0.36540510 
0.97836270 
1.00000000 
0.02432501 
0.07376257 
0.23347070 
1.00000000 
0.32689040 
1.00000000 
0.52884370 
0.78487470 
0.93343200 
0.25215910 
0.52546380 
0.27537480 
0.94467950 
0.74857190 
0.09214903 
0.87211630 
0.58237960 
1.00000000 
1.00000000 
0.90367260 
1.00000000 
0.89786000 
0.16185520 
0.81880590 
0.95334010 
1.00000000 
0.00000000 
0.38046200 
0.76776340 
0.00000000 
1.00000000 
0.04027240 
0.00000000 
1.00000000 
1.00000000 
0.30806960 
0.97436110 
0.79150360 
0.82315440 
1.00000000 
0.51629260 
0.96320160 
0.41922320 
1.00000000 
0.70586850 
0.22493300 
0.49310310 
0.48869880 
0.00000000 
0.00000000 
0.48079760 
0.56853470 
0.36939140 
0.00000291 
1.00000000 
1.00000000 
0.07053895 
1.00000000 
0.92526870 
0.52470260 
0.07197459 
0.23640600 
0.15733990 
0.00000000 
0.76497290 
0.49122580 
0.75156480 
0.00000000 
1.00000000 
0.75819830 
0.00349076 
0.00000000 
0.50636270 
1.00000000 
0.61302750 
0.99367450 
1.00000000 
0.43189440 
0.14266620 
0.73808240 
0.58551280 
0.95752510 
0.62836720 
1.00000000 
1.00000000 
1.00000000 
0.00000000 
1.00000000 
0.37190490 
0.07759025 
0.00000000 
0.00000000 
0.91709670 
0.00000000 
0.09601676 
1.00000000 
0.02254548 
1.00000000 
0.00000000 
0.25771360 
1.00000000 
0.00000000 
0.41135520 
1.00000000 
1.00000000 
0.72982230 
1.00000000 
0.40353400 
0.12842320 
0.99082980 
1.00000000 
0.99148740 
0.82592060 
0.00000000 
0.22626460 
1.00000000 
0.00000000 
0.29616110 
0.95039890 
0.00000000 
1.00000000 
1.00000000 
0.16382580 
0.49979000 
1.00000000 
1.00000000 
0.51217930 
0.83743640 
0.00417608 
0.66337630 
0.07505479 
0.10720570 
0.17946830 
1.00000000 
0.07748722 
0.28753780 
0.07774458 
1.00000000 
0.35873060 
1.00000000 
0.00000000 
1.00000000 
0.00000000 
0.93832870 
0.97417430 
0.69861070 
0.00000000 
1.00000000 
0.26316440 
0.98342430 
0.38026720 
0.48670660 
0.09592798 
1.00000000 
1.00000000 
1.00000000 
1.00000000 
0.13899080 
0.01678000 
1.00000000 
0.09933876 
0.27786110 
0.09358934 
0.89723960 
0.96676330 
1.00000000 
0.05797348 
1.00000000 
0.53559900 
0.06780212 
0.23162620 
0.07052446 
0.18028850 
0.82317420 
1.00000000 
0.73796980 
1.00000000 
0.98681590 
1.00000000 
0.05856340 
1.00000000 
0.40781110 
0.05546053 
0.31944980 
0.14959200 
0.01615966 
0.58254490 
0.56167890 
1.00000000 
0.77775790 
1.00000000 
0.40429710 
0.08688677 
0.39420160 
0.02876866 
0.24296710 
1.00000000 
0.00000000 
0.31697610 
0.00000000 
0.78117600 
1.00000000 
0.89216490 
1.00000000 
0.85447910 
1.00000000 
0.16338150 
0.45146060 
0.20393590 
0.82354850 
1.00000000 
1.00000000 
1.00000000 
0.11935720 
0.75697450 
0.45539270 
0.54284050 
1.00000000 
0.21305190 
0.94459130 
0.15416780 
0.53690830 
0.59244250 
0.99333450 
0.57602590 
0.00000000 
0.72599410 
0.94074560 
0.77600320 
1.00000000 
0.13856240 
1.00000000 
0.04691732 
1.00000000 
1.00000000 
1.00000000 
1.00000000 
0.88080450 
0.39407530 
1.00000000 
1.00000000 
0.61983460 
0.04275252 
0.13765740 
1.00000000 
0.00000000 
0.06100360 
0.60365640 
1.00000000 
0.41663120 
0.79959400 
0.39239250 
0.08092590 
1.00000000 
0.95209500 
0.22278400 
1.00000000 
0.64881270 
0.00000000 
0.58310190 
0.83383010 
0.98209700 
0.53847800 
0.94721650 
1.00000000 
1.00000000 
0.00000000 
0.82294580 
1.00000000 
0.92227710 
1.00000000 
0.10772450 
0.98735670 
0.48128250 
0.90094850 
0.22324330 
0.24505900 
0.62941130 
0.98081920 
0.00000000 
1.00000000 
0.64146090 
0.84856360 
0.24538100 
1.00000000 
1.00000000 
1.00000000 
0.73314860 
0.35303740 
0.99177120 
0.00000000 
0.22476520 
0.05568505 
0.98295440 
0.91173200 
0.97414830 
1.00000000 
0.01133071 
0.10241450 
0.90912400 
1.00000000 
0.63409440 
0.00000000 
0.39290260 
1.00000000 
0.81863220 
0.21638920 
0.55542990 
0.03788531 
1.00000000 
0.82552830 
0.12054330 
1.00000000 
0.77415420 
1.00000000 
0.00000000 
0.34708400 
0.59965170 
1.00000000 
0.00000000 
0.08971848 
1.00000000 
0.39385850 
0.04328451 
0.28082130 
0.91171820 
0.01279895 
0.47358590 
0.25743380 
1.00000000 
0.90528200 
0.17238040 
0.12278540 
1.00000000 
0.69013740 
0.62798980 
0.21292660 
1.00000000 
1.00000000 
0.17746510 
1.00000000 
1.00000000 
0.74426520 
0.66403930 
0.94437170 
0.74110020 
0.99852420 
0.11228020 
1.00000000 
0.93285670 
0.68708070 
0.11541030 
0.57010190 
1.00000000 
1.00000000 
0.00000000 
0.86604070 
1.00000000 
1.00000000 
0.10936620 
0.28905840 
0.00000000 
1.00000000 
0.03369148 
1.00000000 
1.00000000 
0.26519930 
0.02037687 
0.11802810 
0.64633100 
1.00000000 
0.03767721 
1.00000000 
0.00000000 
0.15054890 
1.00000000 
0.08480772 
0.82628790 
0.34842540 
1.00000000 
1.00000000 
1.00000000 
1.00000000 
0.66786460 
1.00000000 
1.00000000 
0.83594330 
0.24523910 
0.37420320 
0.05779397 
0.95875940 
0.81441360 
0.18721410 
0.35355660 
0.70535000 
0.97182860 
1.00000000 
0.28505270 
0.96180300 
1.00000000 
0.90496580 
0.39780050 
0.00000000 
0.00000000 
0.80102800 
0.71084590 
0.08053254 
0.05155717 
0.00000000 
1.00000000 
0.01629348 
0.95395730 
0.81109170 
1.00000000 
1.00000000 
0.18622370 
0.08870890 
0.12966600 
1.00000000 
1.00000000 
0.44349620 
1.00000000 
1.00000000 
1.00000000 
1.00000000 
0.12287480 
0.57349160 
0.22479950 
0.51914420 
0.30457490 
0.42050030 
0.95363190 
0.27939410 
1.00000000 
0.86506310 
0.06887623 
0.03182122 
1.00000000 
0.25745970 
1.00000000 
1.00000000 
0.71777030 
0.97701260 
0.00000000 
0.05196884 
0.90609720 
0.79455720 
0.56197490 
0.06084414 
0.92447540 
0.14241360 
0.49156210 
0.72298710 
0.97024150 
0.04539195 
0.27537480 
1.00000000 
0.00000000 
0.87920740 
0.51324250 
0.00000000 
0.01132693 
0.25672160 
1.00000000 
0.17837490 
0.21218670 
0.48145480 
0.97446680 
1.00000000 
0.00000000 
0.28790100 
1.00000000 
0.99622860 
0.64528010 
1.00000000 
0.60116920 
0.88746480 
0.81268300 
0.03375788 
0.03770528 
0.18627650 
0.98880880 
0.38802000 
1.00000000 
0.74627350 
0.07903469 
0.94062950 
0.91036460 
0.43949960 
0.00000000 
0.14615490 
0.61712930 
1.00000000 
1.00000000 
1.00000000 
0.29160780 
0.98334810 
0.17176460 
0.98187010 
1.00000000 
1.00000000 
0.76753700 
0.65106960 
0.00000000 
0.51217930 
1.00000000 
0.54531450 
0.69320250 
1.00000000 
0.00801562 
0.16666340 
0.00000000 
0.63005800 
0.02933810 
0.28743960 
0.17314840 
0.98126330 
0.12338590 
1.00000000 
0.78447040 
0.46295090 
0.69441520 
0.08744752 
1.00000000 
1.00000000 
1.00000000 
1.00000000 
1.00000000 
1.00000000 
0.41536210 
0.42549010 
1.00000000 
0.45656390 
0.45611250 
1.00000000 
0.56261680 
1.00000000 
0.00000000 
0.56177030 
1.00000000 
0.75516300 
0.60564160 
0.00000000 
0.86422010 
1.00000000 
0.41269870 
1.00000000 
0.00512032 
1.00000000 
1.00000000 
0.83026370 
0.90132580 
1.00000000 
1.00000000 
0.00000000 
1.00000000 
0.99410650 
0.63929250 
0.15303960 
1.00000000 
0.00000000 
0.13508130 
0.55933350 
0.08389646 
1.00000000 
0.42876280 
0.75153930 
0.37302430 
0.31801790 
1.00000000 
0.08170728 
0.46342270 
1.00000000 
1.00000000 
1.00000000 
1.00000000 
0.95517080 
0.00000000 
1.00000000 
0.22380640 
1.00000000 
1.00000000 
0.91923270 
0.13359810 
1.00000000 
0.00000000 
1.00000000 
0.64727900 
0.34873230 
0.12426360 
0.30801350 
0.03703467 
1.00000000 
1.00000000 
0.88860170 
0.96313670 
0.25265580 
0.31494220 
0.14431720 
0.90842780 
0.03041654 
0.82469550 
1.00000000 
0.69867870 
0.00000000 
0.47025640 
0.55878290 
0.61304560 
0.75752490 
0.00000000 
0.56547570 
0.79785220 
1.00000000 
1.00000000 
0.24700170 
0.90253990 
0.57544650 
1.00000000 
1.00000000 
0.76993980 
0.00000000 
0.36763960 
0.92862850 
0.78238580 
0.88311390 
0.61650690 
0.86839650 
0.67577790 
0.16433230 
0.14792640 
1.00000000 
0.21280210 
1.00000000 
1.00000000 
0.90478190 
0.00000000 
1.00000000 
0.80381720 
0.79379410 
0.49323140 
0.15982840 
1.00000000 
0.97050250 
0.07078876 
0.79460350 
0.19308640 
0.69489660 
0.19330400 
0.41777880 
0.26144510 
1.00000000 
0.00000000 
0.00000000 
0.77128170 
0.33274730 
0.07748752 
0.00000000 
0.93457480 
0.94209980 
0.00000000 
0.13644300 
1.00000000 
0.31993250 
0.00000000 
1.00000000 
0.34048540 
0.89690280 
0.97074110 
0.99925430 
1.00000000 
1.00000000 
0.82141590 
0.62698400 
0.74324380 
1.00000000 
0.84431080 
1.00000000 
0.00000000 
0.49477410 
0.89809770 
1.00000000 
1.00000000 
0.00000000 
0.88064500 
0.00000000 
0.22932220 
0.22237210 
0.36029900 
1.00000000 
1.00000000 
0.00000000 
0.77500530 
0.05919448 
0.95953230 
0.00000000 
1.00000000 
0.58272270 
0.79742070 
0.33976610 
0.35027940 
1.00000000 
1.00000000 
0.21430270 
0.00000000 
1.00000000 
0.97055040 
0.02617194 
0.84225540 
1.00000000 
1.00000000 
1.00000000 
0.18085120 
1.00000000 
0.04041915 
1.00000000 
1.00000000 
0.00000000 
0.86202880 
0.00000000 
0.14205620 
0.00000000 
0.90859740 
0.71716530 
0.25592500 
0.43727990 
1.00000000 
1.00000000 
1.00000000 
0.00000000 
0.03776171 
0.92687590 
1.00000000 
0.00000000 
0.57146510 
1.00000000 
1.00000000 
1.00000000 
0.24526730 
1.00000000 
1.00000000 
0.27219490 
0.07523158 
0.12184370 
1.00000000 
0.50666350 
0.28692950 
0.35514800 
1.00000000 
0.11938420 
1.00000000 
0.36690690 
1.00000000 
1.00000000 
0.00000000 
0.08846442 
0.31929590 
1.00000000 
1.00000000 
0.72036950 
0.13699720 
0.78513260 
0.91348680 
0.79276610 
1.00000000 
0.72846090 
0.91488460 
1.00000000 
1.00000000 
0.00000000 
0.49493030 
1.00000000 
0.41823330 
0.73329020 
1.00000000 
0.87592770 
0.39550740 
0.87954010 
1.00000000 
0.00000000 
1.00000000 
0.37613820 
0.00000000 
0.00501366 
0.96253440 
1.00000000 
0.39523210 
0.15411570 
1.00000000 
0.33084460 
0.87230550 
0.33691580 
0.00000000 
1.00000000 
0.32267300 
0.42221660 
0.17185760 
0.01719660 
0.00000000 
0.62478460 
0.79992800 
1.00000000 
0.24838430 
0.00000000 
1.00000000 
0.55012240 
0.00000000 
1.00000000 
0.78361490 
0.75102970 
0.37329830 
0.12802270 
0.67398660 
0.35680610 
0.82985320 
0.94304470 
0.17175190 
1.00000000 
0.03873378 
1.00000000 
0.02418580 
1.00000000 
0.02849339 
0.66994870 
0.00000000 
0.89037470 
0.84910450 
1.00000000 
1.00000000 
0.22304710 
0.35049560 
1.00000000 
0.11634160 
0.94886520 
0.28919040 
0.00134919 
1.00000000 
0.41918500 
0.86150700 
0.86712750 
0.04006079 
0.18014320 
0.28251370 
1.00000000 
0.93538550 
0.97058480 
0.46373800 
0.93544610 
0.93549140 
1.00000000 
0.00033970 
0.00000000 
0.54418010 
1.00000000 
1.00000000 
0.63709680 
0.69204000 
1.00000000 
1.00000000 
1.00000000 
0.74404660 
0.93772250 
1.00000000 
0.00000000 
0.17233660 
1.00000000 
0.94549200 
0.63366860 
0.46624890 
0.40037310 
0.77952510 
1.00000000 
0.11454480 
1.00000000 
1.00000000 
0.20301420 
0.19990770 
1.00000000 
0.00000000 
1.00000000 
1.00000000 
0.88068670 
1.00000000 
0.46194800 
1.00000000 
0.00000000 
1.00000000 
0.39776580 
0.43992510 
1.00000000 
1.00000000 
0.87141240 
1.00000000 
1.00000000 
0.99820150 
0.98748900 
0.56785880 
0.94532030 
0.33515190 
0.04576981 
0.90064680 
0.81331560 
0.42408540 
1.00000000 
0.00000000 
0.99515990 
0.21012360 
0.00000000 
0.00000000 
0.82828100 
0.53720360 
0.19117810 
0.67452310 
1.00000000 
1.00000000 
0.69387130 
1.00000000 
1.00000000 
0.12443550 
0.61134000 
0.70026770 
0.53409380 
1.00000000 
0.11254450 
0.44240590 
0.00000000 
0.05973518 
0.27947090 
0.94389160 
0.12953510 
0.18976910 
0.16690130 
0.29824420 
0.82744220 
0.87556370 
0.94690850 
1.00000000 
1.00000000 
0.00000000 
1.00000000 
0.84268690 
0.52117060 
0.10449870 
0.00000000 
0.44464230 
0.03892792 
0.67781440 
1.00000000 
0.91376070 
1.00000000 
0.47712930 
0.01512693 
0.25702550 
0.66343750 
0.95590850 
0.00000000 
1.00000000 
0.92327330 
0.00000000 
1.00000000 
1.00000000 
0.41533150 
1.00000000 
0.39739270 
0.50183800 
0.06554215 
1.00000000 
0.42772310 
1.00000000 
1.00000000 
0.01598910 
0.77036650 
1.00000000 
0.72459650 
0.77186580 
0.80640200 
1.00000000 
1.00000000 
1.00000000 
0.13131190 
1.00000000 
0.25242090 
1.00000000 
1.00000000 
1.00000000 
1.00000000 
1.00000000 
1.00000000 
1.00000000 
1.00000000 
0.83939180 
0.23717660 
1.00000000 
0.00000000 
1.00000000 
1.00000000 
0.00000000 
1.00000000 
0.99492630 
0.16015700 
0.00000000 
0.47053300 
1.00000000 
0.53692230 
1.00000000 
0.06814144 
0.39552280 
0.92848750 
1.00000000 
0.75717630 
0.13508130 
0.49698250 
0.00000000 
0.11496590 
1.00000000 
0.15193950 
1.00000000 
0.00000000 
0.96623260 
0.76341780 
0.07462408 
0.93513100 
0.35814160 
0.78422320 
0.00000000 
1.00000000 
0.39290260 
0.47223340 
0.00000000 
1.00000000 
0.75589300 
0.99380060 
0.50383190 
0.09740256 
0.00000000 
0.67079760 
0.90843110 
0.68204100 
0.45604240 
0.53536240 
1.00000000 
0.86216100 
0.21592700 
0.91494740 
0.79072070 
0.69937830 
0.92468170 
1.00000000 
0.95187630 
0.30863490 
0.32697050 
0.71114320 
0.25695860 
1.00000000 
0.88762390 
0.44193300 
0.56426780 
0.56332690 
0.08395936 
1.00000000 
0.13622920 
0.13057040 
1.00000000 
0.87793580 
0.45970060 
0.84766510 
1.00000000 
1.00000000 
0.35407860 
0.26566800 
1.00000000 
0.88313660 
0.98468800 
0.10259030 
1.00000000 
1.00000000 
1.00000000 
0.23570730 
1.00000000 
0.20350360 
1.00000000 
1.00000000 
0.34971890 
0.38261970 
0.00000000 
1.00000000 
1.00000000 
1.00000000 
1.00000000 
0.56358250 
1.00000000 
0.00000000 
0.72199650 
0.06017571 
1.00000000 
0.68627860 
0.00000000 
0.27547430 
0.49249120 
0.90164430 
0.74409810 
1.00000000 
0.00000000 
1.00000000 
0.68822750 
1.00000000 
0.87429990 
0.67465630 
0.00000000 
0.72741290 
0.88176050 
0.82101480 
1.00000000 
0.25151630 
1.00000000 
0.89384120 
0.92125150 
0.87667080 
0.00000000 
0.17510010 
1.00000000 
0.00000000 
1.00000000 
0.16315520 
0.72162980 
0.72828970 
0.17070490 
0.69231020 
0.26078770 
0.55723430 
0.95667520 
0.97955160 
0.64162390 
0.02862545 
0.00000000 
0.02425588 
0.99888110 
0.02305612 
0.99515300 
0.00000000 
0.12522470 
0.70943800 
0.30931470 
1.00000000 
0.32486740 
1.00000000 
1.00000000 
1.00000000 
1.00000000 
0.00000000 
0.37693300 
0.43911660 
1.00000000 
0.10314070 
0.96656890 
1.00000000 
0.14053540 
0.60626440 
0.05696571 
0.96889470 
0.86164840 
1.00000000 
1.00000000 
0.00000000 
1.00000000 
0.92410860 
0.00000000 
0.25741360 
0.57098930 
1.00000000 
0.76964570 
1.00000000 
0.57331880 
0.21754010 
1.00000000 
1.00000000 
1.00000000 
0.36030880 
1.00000000 
0.26433890 
0.00000000 
1.00000000 
1.00000000 
0.93235290 
0.00000000 
0.72975870 
1.00000000 
0.06197160 
0.18255670 
0.06234667 
0.00361383 
0.10125690 
1.00000000 
0.25149230 
0.47806260 
0.14390670 
0.13316950 
1.00000000 
1.00000000 
1.00000000 
0.16755580 
0.90169420 
0.36418600 
0.46899540 
0.62798980 
0.36812490 
0.06606033 
0.00100799 
0.98453400 
0.00000000 
0.26893720 
0.33119290 
1.00000000 
0.07979391 
0.06828791 
1.00000000 
0.02799501 
1.00000000 
0.42914440 
0.23644700 
0.00000000 
0.81248090 
0.74770710 
1.00000000 
1.00000000 
1.00000000 
1.00000000 
1.00000000 
0.00000000 
1.00000000 
0.07278235 
0.53824380 
1.00000000 
1.00000000 
0.11905410 
0.84487160 
0.52954820 
1.00000000 
0.00000000 
0.63995980 
0.71114330 
1.00000000 
0.85362150 
0.00000000 
0.01370578 
1.00000000 
0.95809960 
0.69611360 
0.00000000 
1.00000000 
1.00000000 
0.79347660 
0.24043870 
1.00000000 
0.20775000 
1.00000000 
0.74201790 
1.00000000 
0.76876650 
0.03442999 
1.00000000 
0.24588560 
0.40591010 
0.45592280 
1.00000000 
0.13631880 
1.00000000 
1.00000000 
1.00000000 
1.00000000 
1.00000000 
0.00000000 
1.00000000 
1.00000000 
0.04350216 
0.29143090 
1.00000000 
0.29390240 
0.00000000 
0.20709400 
0.17714100 
1.00000000 
1.00000000 
0.97766760 
1.00000000 
0.98616500 
1.00000000 
0.00000000 
0.92114300 
1.00000000 
1.00000000 
0.08820457 
0.12649600 
0.81341160 
1.00000000 
1.00000000 
0.50232720 
0.09606186 
0.05706133 
0.11542080 
0.99256800 
1.00000000 
0.51140110 
1.00000000 
0.01345112 
1.00000000 
1.00000000 
0.16341470 
0.33421820 
0.85050660 
0.52586310 
0.62324500 
0.00000000 
0.87785950 
0.37323950 
0.47976510 
0.53559900 
0.64032660 
0.59015850 
1.00000000 
1.00000000 
1.00000000 
0.42647520 
0.29441580 
0.07492755 
0.00000000 
0.00000000 
0.98470560 
1.00000000 
1.00000000 
1.00000000 
1.00000000 
0.52272500 
0.00000000 
0.85003520 
0.81433520 
1.00000000 
0.08897571 
1.00000000 
0.90969660 
1.00000000 
0.75651160 
1.00000000 
0.96102030 
0.84602180 
0.21099110 
1.00000000 
0.08894791 
0.00000000 
1.00000000 
0.66658350 
1.00000000 
1.00000000 
0.94402260 
0.34221560 
0.38521510 
0.35767060 
0.10382710 
0.08799294 
0.86695870 
0.06333423 
0.79815920 
0.63329190 
1.00000000 
0.44938860 
0.44219400 
0.03052119 
0.82981380 
0.67523990 
0.75881670 
0.84806890 
0.98717360 
0.00000000 
1.00000000 
0.66462700 
0.00000000 
0.07481510 
0.57709010 
0.52069250 
0.95630340 
1.00000000 
1.00000000 
1.00000000 
1.00000000 
0.00718548 
1.00000000 
1.00000000 
0.76414460 
1.00000000 
0.57585950 
0.00000000 
0.08336802 
0.75301950 
1.00000000 
0.11151190 
0.66090970 
0.16274430 
0.29165070 
0.77337120 
0.69808260 
0.70390270 
1.00000000 
1.00000000 
1.00000000 
0.18130800 
0.35795410 
0.00000000 
1.00000000 
0.57381540 
0.81926330 
0.87406320 
0.00000000 
0.17083990 
1.00000000 
0.84206220 
0.00000000 
0.25672780 
0.49092260 
0.00000000 
0.31348760 
0.91239130 
0.14617490 
0.00000000 
0.24425590 
0.64825980 
0.09339776 
0.08718276 
0.61437410 
0.79279650 
0.25783380 
0.89768780 
1.00000000 
1.00000000 
0.29124470 
0.84106610 
0.00000000 
1.00000000 
0.12113650 
0.05905498 
0.26070460 
0.00000000 
0.00000000 
1.00000000 
0.90073810 
0.00000000 
0.33376940 
0.80060200 
0.00000000 
0.09657819 
1.00000000 
0.66297200 
0.07250552 
0.64993120 
0.99513670 
1.00000000 
0.52907380 
0.63838810 
0.02824757 
0.19817840 
0.30495270 
1.00000000 
0.87979330 
0.00000000 
1.00000000 
1.00000000 
0.88709250 
1.00000000 
0.74711300 
0.69648300 
1.00000000 
0.66431160 
1.00000000 
1.00000000 
0.00000000 
0.83280010 
0.35962270 
0.92575100 
0.04360572 
0.86627820 
0.00000000 
0.22529300 
0.64588400 
1.00000000 
0.06340650 
0.00133237 
0.83496060 
0.14824380 
0.47071280 
0.90399500 
0.05794737 
0.84424570 
0.94390450 
0.12237750 
1.00000000 
0.00000000 
0.44282200 
0.00000000 
0.66836580 
0.00000000 
0.08767948 
0.74091010 
0.23417660 
0.00125438 
0.00590727 
0.73538110 
1.00000000 
0.00000000 
0.48865440 
0.77901530 
1.00000000 
0.12276070 
1.00000000 
0.32105080 
0.05473773 
0.13425350 
0.77374110 
1.00000000 
1.00000000 
0.85169540 
0.00000000 
1.00000000 
0.98966550 
0.57235210 
0.94677080 
0.00000000 
0.81101650 
0.03402850 
0.32374920 
1.00000000 
0.90498330 
1.00000000 
1.00000000 
0.14195340 
1.00000000 
0.28290590 
1.00000000 
0.61920470 
0.30397720 
0.05791390 
0.10805000 
0.21960940 
0.02569411 
0.93082000 
0.50143540 
0.13130430 
1.00000000 
0.00000000 
0.92114300 
0.41474910 
0.38447810 
1.00000000 
0.18085120 
1.00000000 
1.00000000 
0.22715480 
1.00000000 
0.49370350 
1.00000000 
0.70919980 
1.00000000 
0.60802420 
0.13509190 
0.03429316 
0.71067530 
1.00000000 
0.18289360 
0.06389704 
0.00000000 
0.00000000 
0.85458060 
0.88482930 
1.00000000 
0.00000000 
0.01983692 
0.59313260 
1.00000000 
1.00000000 
0.36986760 
0.39634010 
0.00000000 
0.28176090 
1.00000000 
1.00000000 
0.91158160 
1.00000000 
0.71994350 
0.45330100 
1.00000000 
0.92448170 
1.00000000 
0.25183860 
0.86578800 
1.00000000 
0.25559790 
0.94870480 
0.65273980 
0.14442450 
1.00000000 
1.00000000 
0.37251870 
1.00000000 
0.19622920 
1.00000000 
0.69505010 
0.14398290 
0.07012067 
0.00000000 
0.18263790 
1.00000000 
0.38496450 
0.83878570 
0.00562368 
1.00000000 
0.21020120 
0.10025810 
1.00000000 
0.90085570 
0.71093950 
0.00000000 
0.89820580 
0.76372530 
0.98005970 
1.00000000 
0.45136880 
1.00000000 
0.15582620 
0.00000000 
0.26030930 
0.33243400 
1.00000000 
0.00000000 
1.00000000 
1.00000000 
1.00000000 
0.65656790 
0.93808820 
0.91099300 
0.00000000 
1.00000000 
0.38743130 
0.23593360 
0.21689630 
1.00000000 
1.00000000 
1.00000000 
0.99888110 
0.16139080 
0.16888290 
1.00000000 
1.00000000 
0.00000000 
0.07013035 
0.78323570 
0.69067100 
0.78289900 
0.11307270 
0.00000000 
0.59759880 
0.86789060 
0.43082510 
1.00000000 
0.05690297 
0.30590090 
1.00000000 
1.00000000 
1.00000000 
0.00000000 
1.00000000 
1.00000000 
0.93455910 
0.97491900 
0.32315800 
1.00000000 
0.96136120 
1.00000000 
1.00000000 
1.00000000 
1.00000000 
0.60617390 
0.20822750 
0.94049870 
0.39042470 
1.00000000 
0.50390850 
0.27337430 
1.00000000 
0.97820690 
1.00000000 
0.99976610 
1.00000000 
0.02440060 
1.00000000 
0.54175680 
0.73640460 
1.00000000 
0.19611550 
0.39344650 
0.82389140 
0.81011190 
0.24216300 
0.57061960 
1.00000000 
0.00000000 
1.00000000 
0.73122470 
1.00000000 
0.96714450 
0.03411665 
0.48787040 
0.00000000 
1.00000000 
0.87562330 
0.12227040 
0.61502390 
0.33407030 
0.71932070 
1.00000000 
0.00000000 
0.96200890 
0.02185308 
0.82610060 
1.00000000 
0.56772580 
1.00000000 
0.09049685 
1.00000000 
0.40705760 
1.00000000 
0.05537071 
1.00000000 
0.95935910 
1.00000000 
0.69443380 
0.44010130 
0.17009870 
1.00000000 
0.00000000 
0.07529543 
0.97353010 
0.14470180 
0.35707620 
1.00000000 
0.89214220 
0.41208940 
1.00000000 
1.00000000 
1.00000000 
0.37674580 
0.39809660 
0.00000000 
1.00000000 
0.02642063 
1.00000000 
0.75163140 
0.88028550 
0.96624740 
0.89824060 
0.37906550 
0.00000000 
0.25637540 
0.95396210 
1.00000000 
1.00000000 
0.29791370 
1.00000000 
0.02173723 
1.00000000 
0.90872510 
0.77054490 
0.90038610 
0.15956690 
0.00027337 
0.98515650 
0.57303540 
0.00000000 
0.29928890 
1.00000000 
1.00000000 
0.00000000 
1.00000000 
1.00000000 
0.24548460 
0.82319990 
1.00000000 
1.00000000 
0.92882280 
1.00000000 
0.67421010 
0.32976220 
0.25438310 
0.76358750 
0.82043240 
1.00000000 
1.00000000 
0.56358250 
0.00000000 
0.18928400 
0.42494800 
1.00000000 
1.00000000 
0.82339270 
1.00000000 
0.05540305 
1.00000000 
1.00000000 
1.00000000 
1.00000000 
0.74191140 
0.22935060 
0.81977950 
0.00000000 
0.84837660 
0.00000000 
0.86756940 
0.28984380 
1.00000000 
1.00000000 
1.00000000 
0.03914166 
0.93655640 
0.31187550 
0.41001030 
1.00000000 
0.87667830 
0.04002675 
0.00000000 
0.16630850 
0.16720140 
0.00000000 
0.02528617 
0.30644840 
0.84421660 
1.00000000 
1.00000000 
1.00000000 
1.00000000 
0.36043350 
0.24374100 
0.62140400 
0.82360240 
0.98312370 
0.84822550 
1.00000000 
0.31260110 
1.00000000 
0.24092380 
0.75091830 
0.73301420 
1.00000000 
0.84525740 
0.02328906 
0.00000000 
0.00000000 
1.00000000 
0.00000000 
0.57945690 
0.64668300 
0.33359150 
0.61321170 
0.00000000 
0.43008200 
0.33795010 
1.00000000 
1.00000000 
0.16495150 
0.91538290 
0.98681590 
1.00000000 
0.52225630 
0.67625580 
0.00000000 
0.39015390 
0.29076010 
1.00000000 
0.94599240 
1.00000000 
0.86634670 
0.18148660 
1.00000000 
0.25238550 
0.00000000 
0.27779280 
0.54623640 
0.10316060 
0.24435770 
1.00000000 
1.00000000 
0.88649350 
1.00000000 
1.00000000 
0.92007740 
1.00000000 
1.00000000 
1.00000000 
1.00000000 
0.64625310 
1.00000000 
0.07817133 
1.00000000 
0.00356776 
0.91891140 
0.96549160 
0.36618070 
0.00000000 
0.59805520 
0.90631650 
0.44893350 
0.58917810 
1.00000000 
0.60115830 
0.97808460 
0.33816590 
1.00000000 
1.00000000 
1.00000000 
0.16613050 
0.05345094 
1.00000000 
1.00000000 
0.24584620 
0.96062220 
0.24597870 
0.00000000 
0.81448450 
0.98658080 
0.69836710 
1.00000000 
0.53004840 
0.09165479 
1.00000000 
0.37592560 
1.00000000 
0.47388310 
0.97199220 
0.00000000 
0.75041360 
1.00000000 
1.00000000 
0.40546100 
0.28505450 
0.70387880 
0.00000000 
0.01163378 
1.00000000 
1.00000000 
0.00000000 
1.00000000 
0.30636360 
0.35687600 
1.00000000 
0.20231590 
0.60040500 
0.00000000 
0.81379340 
0.42670950 
0.01150645 
1.00000000 
0.00000000 
0.43251510 
1.00000000 
0.23024210 
0.97059020 
1.00000000 
0.04775697 
1.00000000 
0.30910400 
0.96598280 
0.83497550 
0.04599717 
0.97312890 
1.00000000 
0.17576390 
0.41883850 
1.00000000 
0.94542770 
0.14048800 
1.00000000 
0.83358930 
0.60436470 
0.68313830 
0.00000000 
0.21185090 
0.92363980 
0.99661820 
1.00000000 
1.00000000 
0.07904155 
0.00000000 
0.00000000 
1.00000000 
1.00000000 
0.49402560 
0.00000000 
0.48699130 
0.63853370 
0.99568080 
1.00000000 
0.47843840 
0.12901330 
1.00000000 
0.14822800 
1.00000000 
0.23499930 
0.63279340 
0.88949170 
0.94385180 
1.00000000 
0.89077480 
1.00000000 
0.99007140 
0.17324420 
0.11094220 
0.95516440 
1.00000000 
1.00000000 
0.54449270 
0.20032550 
0.80609800 
1.00000000 
0.00000000 
0.09992493 
0.38868100 
0.00000000 
0.61977370 
0.00000000 
0.11346880 
1.00000000 
0.01002573 
1.00000000 
0.00000000 
0.04689495 
0.63409440 
0.84439490 
0.28512920 
0.58053570 
0.85380830 
0.00000000 
0.09982820 
0.18989770 
0.00000000 
1.00000000 
0.54567410 
0.68973370 
1.00000000 
1.00000000 
1.00000000 
0.79325550 
0.73413880 
1.00000000 
1.00000000 
0.80947850 
0.98052240 
0.00000000 
0.16097290 
0.23897360 
0.78790310 
0.38577400 
0.58020530 
1.00000000 
0.00000000 
0.97152090 
0.73051180 
0.23014620 
1.00000000 
0.24777770 
1.00000000 
0.00000000 
0.69402240 
1.00000000 
1.00000000 
0.65166870 
1.00000000 
0.81363000 
1.00000000 
1.00000000 
0.37166450 
0.00000000 
1.00000000 
0.87688770 
0.08335546 
0.47714680 
0.61660080 
0.97013340 
0.04913234 
0.43102860 
0.32876710 
0.63732880 
1.00000000 
0.27354880 
0.00000000 
0.01071379 
0.00000000 
0.08825972 
0.00000000 
0.95751050 
1.00000000 
0.87201700 
1.00000000 
1.00000000 
1.00000000 
1.00000000 
0.87891630 
0.19805220 
1.00000000 
0.72986300 
0.83181910 
0.77711250 
0.00000000 
0.06788673 
0.15197760 
0.34216040 
0.19836920 
1.00000000 
0.01010692 
0.22505360 
0.28835750 
0.87420370 
0.86954930 
0.66788220 
1.00000000 
0.89349230 
1.00000000 
1.00000000 
0.77558350 
0.00000000 
0.04907459 
0.01378250 
1.00000000 
1.00000000 
0.00000000 
0.77726180 
1.00000000 
0.10930700 
0.64374520 
0.91609790 
0.11445010 
0.19007180 
0.00000000 
0.82507490 
0.96091470 
1.00000000 
0.09400176 
0.41973490 
1.00000000 
0.12127140 
0.00000000 
0.00000000 
0.93447150 
1.00000000 
0.00000000 
0.97020860 
0.28119030 
0.93971790 
1.00000000 
0.91533680 
0.06206383 
0.42908410 
0.64564910 
0.10686760 
0.81484650 
0.28985260 
1.00000000 
0.00000000 
0.42963120 
1.00000000 
1.00000000 
0.63812050 
0.36124660 
0.04911324 
0.46511610 
1.00000000 
0.41394050 
0.54042410 
1.00000000 
1.00000000 
0.82673500 
1.00000000 
1.00000000 
0.71265410 
0.43343290 
0.06198914 
1.00000000 
0.55673710 
0.00000000 
1.00000000 
1.00000000 
1.00000000 
0.50414560 
1.00000000 
0.39197650 
0.18469380 
0.18491070 
0.45325230 
0.92597810 
0.21890770 
0.95060350 
0.00000000 
0.21857500 
0.09398086 
0.71383170 
1.00000000 
0.13585430 
0.00000000 
0.28665120 
1.00000000 
1.00000000 
1.00000000 
0.36764250 
0.83376560 
0.24261110 
1.00000000 
1.00000000 
0.51024760 
0.76660990 
0.92468170 
0.57357610 
0.72649790 
0.32534410 
0.00000000 
0.22896230 
0.00000000 
0.00133305 
0.22238970 
0.00000000 
0.71070500 
1.00000000 
1.00000000 
1.00000000 
0.73635910 
0.25414500 
1.00000000 
1.00000000 
0.97976210 
1.00000000 
0.18417820 
0.18892120 
0.48006760 
0.00000000 
0.77313930 
0.93499560 
1.00000000 
0.92693640 
1.00000000 
0.29026250 
0.28881330 
0.00000000 
0.32138930 
0.63055450 
0.00000000 
0.13922320 
1.00000000 
1.00000000 
1.00000000 
1.00000000 
0.00000000 
0.27901010 
1.00000000 
0.60772720 
0.02522803 
0.90082280 
0.56773930 
1.00000000 
0.19213660 
0.16611510 
0.00000000 
1.00000000 
0.46106630 
1.00000000 
0.19835730 
1.00000000 
1.00000000 
1.00000000 
0.08617018 
0.09733304 
0.01593527 
0.14877850 
0.09465159 
0.00000000 
0.97165450 
0.20916760 
0.16274120 
1.00000000 
0.00000000 
0.25216730 
0.93539660 
1.00000000 
0.79925680 
0.53616140 
0.13817400 
0.54410360 
0.00000000 
1.00000000 
1.00000000 
1.00000000 
0.00000000 
1.00000000 
0.28600790 
0.00000000 
0.62488370 
1.00000000 
0.45962440 
0.07428684 
1.00000000 
1.00000000 
0.07743684 
1.00000000 
1.00000000 
1.00000000 
0.96386620 
1.00000000 
0.54359370 
1.00000000 
1.00000000 
0.73067720 
1.00000000 
0.52284140 
0.84849770 
1.00000000 
0.91246280 
0.84026290 
0.07010020 
0.71772130 
0.32153630 
0.03686071 
0.75245660 
0.73126000 
1.00000000 
1.00000000 
1.00000000 
0.18534370 
1.00000000 
0.99736370 
0.96467000 
0.99673210 
0.98439020 
0.33484340 
1.00000000 
1.00000000 
0.78061030 
0.96018240 
0.52879640 
0.91139450 
0.70100500 
1.00000000 
1.00000000 
0.00000000 
0.11744200 
0.39441550 
0.25030170 
1.00000000 
0.19477290 
0.00000000 
1.00000000 
1.00000000 
0.59084390 
1.00000000 
1.00000000 
0.05844449 
1.00000000 
0.88156410 
0.69089440 
1.00000000 
0.00779864 
0.34757550 
0.92744560 
0.85544750 
1.00000000 
0.66672280 
1.00000000 
1.00000000 
0.86489760 
1.00000000 
0.15401920 
0.87128310 
1.00000000 
0.84947910 
0.00000000 
0.10139660 
0.94207200 
1.00000000 
0.94713750 
1.00000000 
0.33149420 
0.17168600 
0.07994650 
0.87144920 
1.00000000 
0.09158202 
0.65315040 
1.00000000 
0.82465950 
0.43157630 
1.00000000 
0.17329230 
0.63644030 
0.00000000 
1.00000000 
0.85901870 
0.99741570 
0.56826570 
0.41989220 
0.18079870 
0.12448480 
0.00000000 
0.00000000 
0.00000000 
0.58278920 
0.36702170 
1.00000000 
0.85544750 
1.00000000 
0.79925680 
0.94125800 
0.38555580 
0.25818420 
1.00000000 
0.55221890 
0.19525820 
0.45697190 
0.02506552 
1.00000000 
1.00000000 
1.00000000 
0.14014740 
0.00000000 
0.92599150 
0.90812920 
0.48398410 
1.00000000 
1.00000000 
0.80651480 
1.00000000 
0.29244690 
1.00000000 
0.61589850 
0.00000000 
0.00000000 
0.00000000 
0.29632550 
0.26516470 
0.06112261 
1.00000000 
0.00000000 
0.33183430 
0.00000000 
1.00000000 
0.57754610 
0.39703840 
1.00000000 
1.00000000 
1.00000000 
0.15754320 
0.09841480 
0.74665150 
1.00000000 
1.00000000 
0.86613070 
0.07615981 
0.69005180 
1.00000000 
1.00000000 
0.76975220 
1.00000000 
1.00000000 
1.00000000 
1.00000000 
0.97931960 
0.73389130 
0.52653530 
0.61403470 
1.00000000 
1.00000000 
0.66567960 
0.00000000 
0.00000000 
0.77191340 
0.45752510 
0.22525320 
0.96108680 
0.63885430 
0.00000000 
1.00000000 
1.00000000 
1.00000000 
0.00000000 
1.00000000 
1.00000000 
0.84172450 
0.15334360 
1.00000000 
0.13169840 
0.00000000 
0.96623870 
0.18815030 
0.99092960 
0.04214998 
0.00000000 
0.72304310 
1.00000000 
1.00000000 
0.12707570 
1.00000000 
0.35025070 
1.00000000 
1.00000000 
1.00000000 
0.32344650 
0.97969360 
1.00000000 
0.00000000 
1.00000000 
0.16465860 
0.39520610 
0.08095951 
1.00000000 
0.84186970 
0.02944106 
0.33689120 
1.00000000 
0.00000000 
0.96601280 
0.54629190 
0.00000000 
1.00000000 
0.00000000 
0.10298330 
0.25727490 
1.00000000 
0.93550120 
1.00000000 
0.00000000 
1.00000000 
0.92245790 
0.93774950 
0.97621270 
1.00000000 
0.00000000 
1.00000000 
0.86176930 
0.00000000 
0.89644960 
0.07567444 
0.00000000 
0.45035710 
0.69233760 
1.00000000 
1.00000000 
0.00000000 
0.36041930 
0.00988072 
1.00000000 
1.00000000 
0.87085500 
0.87872530 
1.00000000 
0.01349953 
0.16056480 
0.73318530 
0.00000000 
0.85873260 
0.33452370 
1.00000000 
0.00000000 
1.00000000 
0.03930335 
0.87408220 
0.28106520 
0.08522018 
0.24131350 
0.08734175 
1.00000000 
1.00000000 
0.82845290 
0.00000000 
0.44667700 
0.50949170 
0.60707400 
1.00000000 
0.90798540 
0.02000346 
0.11155220 
0.82266500 
0.99118840 
0.73416190 
1.00000000 
0.95732960 
0.95936550 
1.00000000 
0.00000000 
0.31576080 
1.00000000 
0.91361280 
1.00000000 
1.00000000 
1.00000000 
0.08951038 
0.21300770 
0.16445720 
0.26486980 
0.02585410 
0.27839420 
1.00000000 
1.00000000 
0.32897740 
0.88059180 
0.98323640 
0.51001260 
0.00000000 
1.00000000 
0.34349310 
0.16485160 
0.73284890 
0.59578570 
0.54006360 
0.71100100 
1.00000000 
0.07096574 
1.00000000 
0.02781602 
0.10671020 
0.03353347 
1.00000000 
0.30660890 
0.77325620 
0.00000000 
0.79828240 
1.00000000 
0.00000000 
1.00000000 
0.45825390 
1.00000000 
0.00000000 
0.06326653 
1.00000000 
1.00000000 
0.31317730 
0.01230843 
1.00000000 
0.96712140 
0.87408220 
1.00000000 
0.54318300 
1.00000000 
0.42549010 
1.00000000 
0.94130140 
1.00000000 
0.79856980 
1.00000000 
1.00000000 
0.86475850 
0.37473740 
0.79908180 
1.00000000 
0.95929160 
1.00000000 
0.55211110 
0.25040840 
1.00000000 
0.99257980 
0.03864849 
1.00000000 
0.00000000 
0.98594770 
0.00000000 
1.00000000 
1.00000000 
0.89923830 
0.24207310 
0.97942550 
0.03244832 
0.63143440 
0.00000000 
0.00000000 
0.00000000 
0.87781260 
0.20938330 
0.16878070 
0.94071820 
0.26537000 
0.71903220 
0.98149900 
1.00000000 
1.00000000 
0.48527510 
0.09197033 
1.00000000 
1.00000000 
0.74074980 
1.00000000 
1.00000000 
0.74641100 
0.17534920 
0.89047880 
1.00000000 
0.72294590 
0.00000000 
0.48715360 
0.53866460 
0.05388388 
1.00000000 
0.00000000 
1.00000000 
0.59196590 
1.00000000 
0.00000000 
0.04097916 
0.00516760 
0.00000000 
1.00000000 
0.00000000 
0.41086390 
1.00000000 
1.00000000 
0.77600810 
0.80285170 
1.00000000 
0.83803440 
0.00000000 
0.14841920 
0.58027820 
0.99142650 
0.86028400 
1.00000000 
0.65279750 
0.76821060 
1.00000000 
0.16440210 
0.87279950 
0.93468450 
0.88561650 
0.52331910 
1.00000000 
0.14231450 
0.52420160 
0.01448191 
1.00000000 
1.00000000 
0.16442840 
0.81065520 
0.84526000 
1.00000000 
0.21008570 
0.26197130 
1.00000000 
1.00000000 
0.13239760 
1.00000000 
0.75412990 
0.22345090 
1.00000000 
0.98536880 
1.00000000 
1.00000000 
0.83727120 
0.21450120 
0.02059500 
0.00000000 
1.00000000 
0.42681230 
0.13092700 
0.00000000 
0.97682680 
1.00000000 
1.00000000 
0.94920660 
0.46191030 
1.00000000 
0.75172730 
1.00000000 
0.92755310 
0.00000000 
0.00000000 
0.97441610 
1.00000000 
0.90763670 
0.31967480 
0.01520537 
1.00000000 
1.00000000 
1.00000000 
0.51133010 
0.91573300 
0.83550540 
0.00000000 
1.00000000 
0.31514880 
0.38225100 
0.60911120 
0.89623870 
1.00000000 
1.00000000 
0.28669570 
0.00000000 
1.00000000 
0.84757920 
1.00000000 
0.49246640 
1.00000000 
0.68797910 
0.00000000 
0.85493140 
1.00000000 
0.00000000 
1.00000000 
1.00000000 
1.00000000 
0.00000000 
0.52197430 
0.03848868 
0.08997980 
0.83663700 
0.06996098 
0.40549850 
1.00000000 
1.00000000 
1.00000000 
0.76207190 
0.29791320 
0.45656340 
0.00000000 
0.97546910 
0.87184440 
1.00000000 
0.97343700 
0.99673210 
0.63480460 
0.00000000 
0.49297760 
0.14962470 
0.13722500 
1.00000000 
1.00000000 
0.92501830 
0.00000000 
0.22213240 
0.06210309 
0.78337700 
1.00000000 
0.60071460 
0.91258070 
0.93519430 
0.59672860 
0.03875492 
0.01977361 
0.48891110 
1.00000000 
0.50448250 
0.31229790 
0.86269310 
0.66640760 
1.00000000 
0.11361320 
1.00000000 
0.90893650 
0.00000000 
0.64431210 
0.77913500 
0.02550852 
1.00000000 
0.99032040 
0.11224320 
1.00000000 
0.76699290 
1.00000000 
1.00000000 
1.00000000 
0.99888110 
0.43356600 
0.06222638 
1.00000000 
0.42513420 
1.00000000 
0.34827820 
1.00000000 
0.85331680 
0.81623570 
0.02879602 
0.86910800 
0.37665430 
0.80802860 
1.00000000 
0.42931340 
1.00000000 
0.00000000 
1.00000000 
0.28272790 
0.23444010 
0.91748770 
1.00000000 
1.00000000 
0.00000000 
0.00000000 
1.00000000 
0.94062640 
0.42579650 
0.05800927 
1.00000000 
0.96558970 
0.00000000 
0.43005120 
0.97831660 
1.00000000 
0.13794360 
1.00000000 
0.00000000 
0.00000000 
1.00000000 
0.08056190 
1.00000000 
1.00000000 
1.00000000 
0.96097710 
1.00000000 
1.00000000 
1.00000000 
0.36867200 
1.00000000 
1.00000000 
0.00012914 
0.49487800 
0.66427570 
0.10744150 
1.00000000 
0.27629530 
0.05249872 
0.90931300 
0.00000000 
0.81852890 
1.00000000 
1.00000000 
0.78154210 
0.92339060 
0.20498640 
1.00000000 
0.16352800 
0.96782990 
1.00000000 
0.04443476 
0.70984460 
1.00000000 
0.36457980 
0.97497730 
0.28883150 
0.97856810 
0.23291780 
0.00000000 
1.00000000 
1.00000000 
0.11590020 
1.00000000 
0.71200670 
0.11667450 
1.00000000 
0.60448170 
1.00000000 
1.00000000 
0.70184410 
0.84439490 
0.05343359 
0.97681280 
1.00000000 
0.88327030 
1.00000000 
0.07008288 
0.22656420 
1.00000000 
0.34236740 
1.00000000 
1.00000000 
1.00000000 
1.00000000 
0.79925680 
0.78202860 
0.27597340 
0.24216410 
0.96496430 
1.00000000 
1.00000000 
1.00000000 
0.91089680 
0.67607270 
0.95788870 
1.00000000 
1.00000000 
0.81413750 
0.00501366 
0.12109650 
0.62467430 
1.00000000 
0.45827060 
0.97991650 
0.05740759 
0.23808360 
0.12119360 
1.00000000 
1.00000000 
0.00000000 
1.00000000 
1.00000000 
0.94723210 
0.05728881 
0.19884120 
0.60318400 
1.00000000 
0.96132930 
0.94552920 
0.39549370 
0.41160920 
1.00000000 
0.59798500 
0.61476140 
0.00000000 
0.78293560 
0.97050100 
0.99537310 
1.00000000 
0.85529350 
0.61471350 
0.00000000 
1.00000000 
1.00000000 
1.00000000 
1.00000000 
0.87378580 
0.00837219 
0.13885890 
1.00000000 
1.00000000 
0.03429359 
0.87845840 
0.18087810 
0.11159650 
0.76018670 
0.93557500 
1.00000000 
0.28500370 
0.61991010 
0.00000000 
0.00000000 
0.13026590 
0.10940960 
0.90217190 
1.00000000 
0.00549433 
0.00000000 
1.00000000 
0.00000000 
1.00000000 
0.00000000 
1.00000000 
0.61257870 
0.92030060 
0.10774260 
1.00000000 
1.00000000 
0.21088800 
0.17213950 
0.03070523 
0.75585810 
1.00000000 
0.11534120 
0.17906640 
1.00000000 
0.24417350 
0.46053450 
0.40740900 
