8252
8979
8933
9493
8144
9025
9505
8446
8550
9876
8948
8244
9085
8624
8241
9193
8611
9047
8991
8329
8322
8077
8942
8443
8239
8568
8604
9041
8313
7960
8465
8134
8933
8712
8244
8615
8086
8612
8949
9028
9888
8256
9505
8319
8145
8716
8948
9196
8486
8249
9501
9492
9505
9044
8153
8486
8601
8319
8933
8154
8934
9888
8601
8077
9500
8311
8482
8461
7964
8444
8945
8552
8482
9027
8936
9031
7977
7991
8243
9512
9049
8257
8941
8244
9184
8934
8145
9512
8261
7815
8078
8566
9876
8262
9026
9043
8439
8440
9492
9085
9194
8997
8261
8552
8315
8940
9043
8458
9029
9505
8932
9493
8332
8158
9050
8080
9487
8444
8312
8982
8243
8934
9000
9507
8718
9041
7972
8481
8459
8081
8606
8156
9891
9195
8726
9088
8331
7960
8979
8144
10001
8137
9050
8250
9196
8567
9871
8982
8952
8932
9033
7972
8084
8244
8717
8311
8247
8592
8462
7957
8083
7992
8716
8721
8950
8255
8568
8942
8466
8600
8611
8727
8604
8721
7991
8623
8719
8611
9184
8456
8317
8243
8588
8940
8728
8333
8140
8252
8323
8726
9491
8987
8548
7962
8939
8086
8080
8147
8566
8138
9864
8133
8149
7977
9039
8465
8935
9502
8323
8604
8325
9185
8250
8592
8442
9881
9863
8158
9871
8317
9486
8086
8549
8147
8318
8724
8155
7975
9490
9037
8715
9883
8983
8439
7977
9048
9502
8150
8137
8547
8158
8261
8332
8338
9029
8992
9028
7977
8980
8077
8452
8717
8618
9195
9876
8724
9039
8313
8309
9034
8985
8448
7964
8143
7990
7958
8309
8323
8459
8141
8989
9195
7958
8980
8712
8132
8714
8333
8141
9507
8937
8329
8949
8949
8443
8931
8443
8603
8081
9870
8939
8134
7977
8717
9491
7815
7815
8568
8940
8255
8944
8717
7972
10001
8624
8933
8615
8595
8319
8938
8137
9491
9036
8330
8082
9047
8326
8612
7964
8456
8624
8983
9029
8937
8243
9095
8149
9494
8309
9026
8312
8239
9891
8131
7968
8084
8443
8931
10001
9870
8952
8243
9512
8341
8952
8950
8332
9028
8548
8482
8713
8949
8313
9037
8312
8719
8320
8132
8952
8944
9508
9037
8727
9486
9891
8711
8146
8597
8977
8612
7957
8326
8613
8465
8274
8933
8989
8313
8250
9193
8331
9502
8150
8325
9045
8715
8553
8724
8939
8244
8944
8932
8259
8326
7991
8443
9492
8449
8338
9509
8138
8549
8606
9038
8259
8139
8258
9181
8263
8934
9041
8714
8941
7495
9510
9031
8591
8466
8341
8139
8946
9033
8613
8711
9872
7495
8444
8085
8990
7495
8255
9871
9195
8719
9036
9185
8615
8549
9035
8600
8261
9034
8936
8726
9505
7495
8715
8448
8940
8937
8718
8256
8082
8459
8132
7968
8485
9088
8150
9028
8655
8256
8466
8566
8719
8978
7815
8253
8320
9488
9036
8937
7957
8315
8326
9185
8721
8567
8481
8330
8997
8568
8317
8329
7964
8948
8712
9891
10001
8156
8626
8482
8947
8448
8623
8720
7972
8147
8247
8138
9025
9502
8249
8547
8482
9497
9488
8991
8602
8139
8445
8724
9041
8932
9501
9888
8719
8466
9042
9193
8984
8991
8448
8591
8442
8333
8131
8255
8588
9865
9035
8588
8714
8257
7443
8459
9050
9508
8655
9048
8139
8937
8140
8931
7815
9000
8461
9510
9193
8453
9181
9507
8254
8156
8078
8137
7957
9863
9045
8984
8341
8332
8319
9868
7990
8446
8156
8555
8618
8604
9869
9891
8131
8942
8595
8566
8601
9026
8445
9026
9863
8482
8449
7960
9883
8725
8247
9042
8459
8592
9490
8996
9865
8712
8155
8992
9041
9027
9494
8932
8146
10001
8483
8330
8625
9026
8626
7495
8943
9492
8987
9868
8241
8153
8254
8938
9876
9047
8317
8241
8603
9039
9487
9870
9002
9193
8985
8554
9506
8997
8449
8712
9042
8465
9488
8081
9047
9194
9509
9039
9869
9872
8458
8613
9027
8725
8725
8655
8933
9085
8263
8484
8444
9506
8243
9871
8247
9183
9872
9181
8613
9864
9891
8984
8952
8616
9039
8978
8082
9000
8726
8725
8940
8462
9183
8483
9181
7990
8341
8978
8253
8341
8446
7957
8318
8444
8149
8937
8486
9050
9029
8935
8624
8274
9042
8728
8603
8993
8482
8611
9181
8977
8982
8456
9185
8719
8612
8080
8989
9025
8442
8947
8982
9492
8451
8323
8613
8256
8615
8597
9485
8728
9002
8623
8623
8597
9185
9881
8934
9888
8989
9095
8326
8626
8323
8319
9185
8548
9883
8263
7495
8082
8944
8081
9041
8449
8143
8486
8133
8311
8135
8326
8274
8450
9871
8985
9501
9036
8443
8568
8329
8568
8312
9029
8133
8940
7957
9506
8950
8257
8331
8080
8158
8984
8714
7815
8555
8933
7992
8082
8977
8455
9486
8311
8606
8624
8566
9181
8459
7991
8567
8997
8616
8990
8552
8312
8999
8247
7815
8991
8330
8442
8592
9871
9509
9869
8941
9506
8549
8931
9872
9871
8318
8146
8254
8146
8085
8453
9194
8979
9038
8993
8462
9497
9491
8625
9095
8153
8931
8329
9488
9876
9027
8256
8931
9486
8322
8597
9870
9510
8158
9028
8555
8602
8612
9183
8132
7443
8134
8077
9049
8256
8603
8082
9184
8252
9037
8449
8552
9049
9487
9196
8253
8449
8604
9510
8341
7957
8943
8719
8458
8715
8938
8555
9485
8138
8718
9500
8141
9492
9870
8139
8317
9047
9043
8936
7962
8135
8995
9024
8239
8158
8456
8140
9038
8552
8554
8450
7968
9026
9183
8724
8551
8082
8259
8567
8942
8592
8947
9195
9184
8600
8486
8552
9047
8139
8997
8446
8716
8724
9492
8338
8318
8450
8712
9488
8485
8600
8952
9493
8451
8554
8944
8249
8259
8311
7958
8985
8462
9509
8595
8993
8982
8997
8936
8977
8942
9183
9506
9193
8335
8249
9883
8717
8243
9181
9039
8655
8996
7957
8450
8616
9863
7991
8318
9085
8551
9185
9036
8153
9095
9490
8552
9181
9512
8727
9028
8720
8720
9095
8341
8721
8625
8555
8459
8146
8137
9194
9050
8601
8483
8250
8943
8311
8717
8606
9891
8146
8483
9868
7957
8567
9500
8601
8568
8081
9508
9034
9048
7977
8945
8262
9045
8084
8078
8144
9029
9049
8992
9864
8080
9509
8459
8991
9871
8995
8453
8448
8623
9028
8443
8945
8338
8312
8454
9181
9050
8567
9045
8554
8323
8953
9500
9024
9085
8945
8486
8719
9485
8615
8252
8446
8464
8626
8446
8935
7977
8459
9512
8154
7972
9865
9002
8331
8459
8977
8333
9037
9039
8455
9034
7992
9494
8447
7990
8720
8600
8999
9031
8078
8616
8724
8554
8984
9085
8456
8715
9865
8459
9181
8448
9486
7964
9512
9501
8616
8483
8440
7992
9196
8134
9044
8085
9508
7975
8250
9891
8980
8140
9095
8602
8331
8625
8146
8603
8721
9036
8595
8331
9493
8241
8618
8338
8946
9488
9048
8326
9029
7991
10001
8464
8982
8134
8311
8985
9045
8243
9508
8623
9492
8249
8464
8143
8726
8335
8977
8447
8446
8950
8978
9490
9486
8987
9035
8458
8312
7992
9865
8158
9508
8715
8712
9024
8261
8606
8591
8945
8253
8150
9043
8447
8625
8083
8325
8933
8935
8258
8611
8717
8550
9508
8616
8138
9029
8442
8448
8979
8309
8979
8456
9881
8728
8331
8444
8615
8259
8315
8716
7990
7958
8938
8083
8453
8312
9026
8727
7815
9035
8936
8134
8330
8980
9002
8323
9041
8084
9041
9048
9024
8950
8987
9038
8552
8950
8243
8449
8077
8550
9043
8454
8335
8135
9864
8484
8484
8445
8486
8717
7815
8326
9508
8991
8713
8725
9095
7960
9185
9872
7443
8249
8455
9864
9864
8262
9485
8149
8611
8553
9869
8950
8318
8262
9184
8980
8555
8274
7964
8145
9493
8486
8712
9041
8453
9868
9870
8626
8150
8483
8948
8725
8626
8950
8444
9883
8256
8454
7958
9088
8726
8624
9881
9194
9488
8450
8341
9494
8993
9497
9002
8143
8153
8083
8318
8146
8946
8322
8442
8725
8454
8320
8949
8950
8941
8588
8454
9000
8987
8323
9487
9492
8553
8603
9485
8716
7443
9194
8458
8255
9864
8143
8952
8991
9038
9507
8990
8149
8247
9876
8727
9000
8940
8311
8338
8249
7990
8999
8143
8568
8446
8726
8987
8626
8141
8150
8982
8156
9512
8262
9509
9028
9088
8551
9881
8549
8726
8992
8485
8625
8263
9029
9049
9863
8718
8466
8602
9037
9034
7992
7991
9863
8615
9193
8154
9041
8618
8257
8597
8439
8244
9045
7962
8330
8985
8250
8446
8325
9047
8332
8309
7964
8253
8977
8711
8261
8935
8317
9497
8458
8714
8985
9042
8255
8156
8724
9872
8713
8989
8486
8486
8941
8143
8948
8485
9029
7957
8133
9509
8146
8548
9035
9193
9027
9493
8078
8451
9868
7495
8592
7990
8547
8950
8484
8484
8134
9492
9494
8724
8241
9181
9883
9488
9492
8085
8149
8325
8485
8978
7968
9027
8948
9881
9036
8991
8456
9493
9033
8568
9490
8262
9501
8143
9181
9508
8655
7958
8935
10001
8257
9497
9494
9047
8132
9870
8453
8597
8602
7962
8947
9051
8439
8613
9876
9088
8141
8987
9194
9182
8551
9049
8322
8612
8999
8934
9500
9041
8465
8137
8591
9182
9045
8133
9510
8932
8993
8318
8977
8978
8442
9027
8137
7975
9870
8942
8931
8714
8330
9044
9036
9036
8481
8462
8312
8078
9497
8606
8600
8254
9505
9864
8944
9039
7962
8315
8554
7992
8454
8078
8319
8613
8261
9888
9512
7968
8552
8133
8141
9506
8977
9512
8977
8725
8554
9029
8139
9088
8724
9502
8325
8567
8931
8261
8949
8330
8144
8439
9043
9490
8450
8262
8618
8153
8978
9033
8555
8258
8317
9485
8274
9033
9050
9035
9038
8615
9033
8449
9036
8547
8081
8084
9194
8482
9024
8712
8484
8241
9000
8080
8939
10001
8455
7815
8588
8254
8985
9002
9506
9035
8451
9876
8595
8256
9050
8712
7975
8131
9037
9043
8253
8139
8323
8485
8655
9038
8550
8946
8993
8982
8322
8147
9512
8716
8713
9039
10001
9497
9502
9050
8244
8330
9876
9028
8135
8144
9876
9501
8335
8949
9494
9500
8588
9038
9033
9510
8612
8483
9038
8333
8261
8945
8259
9195
9863
9031
8311
8444
8999
8078
8718
8935
8942
8254
8443
9050
8483
8322
8484
9876
9026
8611
8935
7964
8626
8156
8440
7815
8554
8255
8141
8258
8718
8241
8329
8155
8717
9194
8241
8449
8625
8147
8335
8613
9034
9193
8721
8084
8138
8979
8597
8154
9888
9871
8085
9506
8445
8453
8949
8155
9500
8239
8085
8466
9494
8465
8548
8137
8333
8933
8991
9497
8623
8445
8711
8946
8445
8249
9865
7962
8655
9888
8147
8439
7964
9182
8083
7960
8714
8601
9033
8262
8313
8341
8254
8274
8258
8553
7815
9037
9502
9869
7968
8612
9095
8132
9888
8443
8990
8244
9193
9027
9042
8145
9512
7958
9037
8992
8714
8451
8466
8714
8947
8623
8484
8486
9183
8466
9182
9870
9194
8313
9024
8080
8548
9491
8724
8991
8456
8987
9000
8134
8603
8083
8948
9490
9095
8459
8549
8322
8263
8603
8249
8132
9195
9035
8155
8150
9028
8247
8721
8143
8335
9506
8458
8603
8947
8150
9868
8568
8254
9050
8727
8331
8946
9088
8946
8995
9043
8149
9028
8131
8082
7960
8084
8244
7975
8255
8451
8602
8322
9872
7975
8244
8995
8448
8985
8624
9183
7495
8942
8156
8547
8131
8154
8952
8591
8141
8462
8713
8938
8611
8243
8241
8135
8138
9869
8711
8448
8338
8939
7975
8943
8933
8081
8601
9037
7991
8329
9088
8244
8083
8144
8335
8147
9487
7968
8250
8323
8326
9512
8980
8333
9085
8624
9036
8481
8996
8466
9185
8936
8255
8615
8318
8553
8141
9045
9870
8335
8131
9044
8252
8592
9486
8250
8146
8443
8146
8987
8317
9095
8444
9182
8481
9492
8595
8239
8325
9181
8256
8250
8317
8462
8325
9027
8597
8987
8241
8250
8153
8606
8548
8718
8081
7968
8991
8601
7991
8158
9002
8443
8612
9505
8611
8156
8153
8936
8249
9035
8993
7960
8611
8465
8464
8262
8588
8942
8144
9510
8317
8464
8606
9000
8946
8623
8979
8940
9041
8935
7960
8318
8140
8440
7958
8263
8939
8482
9865
9500
8141
7968
8454
8606
8084
9871
7960
8932
9049
8942
8624
8444
8319
9031
8443
8935
9045
8239
9485
8080
8999
9031
8554
8464
9501
8447
8996
9196
8625
8254
8318
9193
8448
8077
9510
8600
8549
8728
7990
8568
8262
8259
8613
9196
8720
8931
9493
8335
8325
8080
8989
8931
8946
9486
8720
8945
9043
7964
8274
9002
8942
8453
8568
8948
7960
9045
8604
8458
8449
9042
8987
8948
8713
8315
9194
8945
9002
8934
9863
9510
8939
8611
8317
8934
8728
9042
10001
8942
8616
8933
8588
8714
8552
9494
8084
9045
8274
9486
8939
8456
9502
8150
8550
8313
9039
8725
8999
8329
7975
9194
8484
8995
7815
8548
8993
10001
8145
8085
8319
8311
8616
8448
8553
8144
8977
8250
8937
9035
8458
8721
8257
9050
8086
8983
8550
8937
8931
9026
8978
9025
9500
9024
8948
8718
9034
8258
8253
9095
8717
8615
8555
9033
8131
8465
8949
8567
8077
8086
8946
9491
8987
9494
8952
8715
9872
9002
8626
8720
8944
8624
9505
9026
8984
7960
8455
8341
8944
8132
7977
8615
8155
9488
8138
8943
9048
8154
9034
9184
8139
8728
9505
8945
8252
8255
8932
8947
8462
9181
9045
8566
8485
9488
8553
8999
8439
8080
8082
9042
8711
8322
9501
9028
8937
8083
8721
8325
8461
7990
8552
8597
8939
8980
7962
8983
9085
9184
9510
8997
8145
7968
8726
8655
8711
7991
8992
9888
8244
9490
7972
9043
8720
8313
8719
8711
8602
8947
8262
8592
8338
8450
9185
8554
8931
8137
8262
8992
8447
8553
9508
9870
8727
8555
8547
9037
8326
8624
9509
7964
8718
8932
8080
8597
9185
9891
8448
9500
9035
9042
8992
8728
8455
9508
8935
8078
8615
9038
8716
8946
8718
8143
9025
8726
8309
8485
8937
8941
8595
8133
9184
8982
8995
8938
8329
9486
8257
8555
9038
9043
8329
8461
8141
8147
9486
8086
8480
8588
8139
9033
8714
8259
9182
7977
8728
8625
8329
8554
8442
8138
7972
8086
9195
8083
8442
9044
7990
8448
9505
8255
8447
8143
8547
8312
9891
8309
8613
8443
8326
8077
8979
8443
8612
8944
8132
8449
8612
8132
9031
9486
9868
8338
9047
8455
8462
8625
8984
8482
8252
8943
9039
8997
9194
9491
8325
8615
8712
8146
8143
8720
8726
9033
8990
8317
8600
8454
7443
8459
8992
9048
8718
8485
8980
8320
8258
8996
8996
9507
8987
8446
8086
8937
8935
8312
8134
8258
8990
8450
9501
8935
8341
8253
8481
9491
9497
8554
8320
9039
8551
8446
7960
9036
9034
9185
8139
8548
8591
8996
8139
9493
8952
8082
9037
8442
8155
8138
9872
7962
8254
8311
8263
8154
8331
8315
8452
9510
8313
9028
8555
8949
9883
8555
8309
8144
8454
8263
9883
7972
9045
9038
9501
8592
8319
8600
8949
9869
8990
8258
8317
9039
9490
8602
8249
8588
8980
8984
8132
7957
8077
8624
8977
8591
9868
8728
8591
8257
9028
9050
8330
8458
8149
8978
8454
7991
8155
8309
8259
8602
9193
8624
8262
9196
8938
8449
8447
7992
8934
8440
8996
8153
8932
8548
8143
9488
8333
8944
8453
8553
9868
8149
8331
9881
9505
9500
7977
8623
9501
8466
8249
7992
8253
8453
9868
7495
8602
8989
8999
8939
8552
8254
8450
8995
8982
8555
8086
9864
8719
9037
8256
8254
8993
8447
9485
9888
8081
8137
8082
8549
8258
8464
9085
8133
9891
8991
8452
8144
8243
9048
8320
8453
8155
9502
7977
8329
9509
8258
7958
8716
8262
8325
8984
9865
8483
8940
8949
8990
8597
9027
8604
8155
8990
8716
8947
8440
8655
8261
8948
9183
8249
9035
8154
8714
9863
8250
8239
8592
8947
8999
9869
8258
8440
9497
8547
8552
7443
8989
8147
9025
8247
9486
8332
9883
8145
8941
8452
9031
8942
8550
8715
8715
9031
8453
8156
8335
8481
7495
8332
8135
9031
9024
8466
8080
8325
8613
9194
8938
8262
8158
8982
8727
8451
8939
8946
8465
8084
8554
9876
8937
8601
8261
8085
9865
8253
9500
9036
8259
8937
9506
8341
9183
9193
8985
9505
9501
8948
8455
8146
8713
8137
7964
8618
8711
9039
8945
8138
8979
8940
8082
9196
8996
8482
9492
9002
7443
8983
8140
9050
8464
8612
8952
8551
8458
8623
8465
8725
9025
8158
8140
9088
8481
8155
8263
8135
9044
8720
8936
8147
8309
9088
9194
9493
9025
8259
8983
8983
9501
8311
8547
9494
8262
8931
9034
8997
8320
8313
8485
8996
8263
8486
8462
8451
8618
8442
8274
8989
8149
8258
9881
8602
8144
8592
9486
8445
8309
8548
9048
8253
8552
8940
8444
8138
8712
8459
8979
8445
8991
8595
8329
9184
8261
8997
9035
9863
8461
8481
8940
7815
8549
9049
8983
8626
7443
8454
9888
9865
9029
7443
8550
8274
8132
9502
8250
9037
8309
8461
9182
8132
9865
9195
8932
8320
8466
8244
9506
8615
8711
8618
9869
8326
8254
9883
8941
9048
8440
8553
7443
8993
8485
8084
8932
8568
8156
8949
8983
8481
8450
8313
9181
8322
8711
7975
8591
9510
8613
9036
9095
8948
8262
8550
9031
9864
9888
8980
9487
8484
8936
8247
8256
8985
8140
8566
8078
8655
8315
9048
8320
9048
8982
8944
8455
8945
9507
8481
8263
8150
7991
8551
7958
9000
8447
8146
8554
8086
9042
9865
8084
7958
8611
8144
8713
8132
8716
8721
9508
9509
8978
8484
8137
8454
9024
8086
8263
8600
8333
8153
8977
8655
9095
8592
8482
8983
8547
8315
9027
8454
8140
8943
8274
8465
9194
9182
8553
8150
8315
8158
8139
8243
7990
8595
7957
9194
8597
9891
8551
8548
9047
8952
8145
8318
8716
8481
8315
9491
8939
9507
8995
9876
8451
8440
9044
8603
8322
9507
7972
8727
8993
8568
8456
9864
8616
8452
8081
8554
9883
9044
8944
8945
9868
8727
9029
8626
8452
8330
8252
8548
9500
8322
8941
8725
8602
8718
8993
8938
8465
8156
8326
8728
9196
8319
8728
9493
8146
8982
8952
8606
9502
8144
7443
8566
8144
8550
8461
8077
8320
8451
8996
8978
8947
7968
8315
8332
9506
8934
8138
7960
8936
8313
8943
8322
7992
8719
9042
8983
8250
8989
9050
8330
9881
8447
7972
8606
8935
8712
9868
8604
9002
8552
8932
9085
8450
9085
9871
7443
8592
8626
8315
8714
8950
9039
8258
9028
7977
8134
8252
9000
9185
8719
9865
8140
8464
8080
8993
8330
8547
8077
8456
8481
9183
8450
9864
8465
8941
8626
8137
7975
8934
8329
8724
8082
8591
8311
9027
8309
8085
9049
8611
8603
9043
8241
8330
8257
8134
8141
8145
8445
8931
8482
7972
8941
8254
7958
8931
7977
8548
8720
8550
9505
9865
8947
7975
9500
8950
8147
8247
9045
9049
9000
8727
9182
8625
8606
8602
8595
9490
8085
7968
8149
9184
9487
9195
8592
8549
9026
9036
9864
8078
8341
8995
9869
9868
9872
8140
8567
8317
8943
8239
8615
8990
8458
9507
8553
8332
8318
7958
8597
8992
9042
8591
7991
8483
8551
8979
9028
8459
8319
8479
8256
8137
8257
8566
9038
8132
9031
9497
8141
9491
8945
8322
9044
8618
8149
8325
8595
8934
9184
8086
8938
9509
9490
8326
8978
9181
9865
9485
8154
8084
8616
8616
9025
8440
7957
9043
8445
8257
8623
8947
8936
8934
8945
9507
8979
8724
8933
7958
8135
8724
7960
9490
8085
9497
9036
8309
9182
8932
8613
8147
8319
9033
8601
8315
8253
8149
8603
8312
8482
8445
7962
8243
8252
8588
8338
9494
9196
8085
8335
8335
8254
8711
8600
8320
7972
8145
8987
8600
8948
8944
8716
8452
8936
8256
8451
8481
7968
8995
8623
8442
8440
9037
8997
9088
9085
9508
8616
8319
7972
9195
8606
9044
9193
8085
9490
8724
8154
8320
8077
8985
9494
8712
8992
8982
8481
8720
8315
8984
8999
8717
8616
8456
9183
8615
8261
10001
8992
8461
8549
8135
8083
8263
7960
8934
8549
8728
9195
7968
9085
8131
8263
8333
8999
8726
9196
8253
7962
8717
9038
8606
8133
8946
8655
9193
7815
8451
8977
8135
8950
7992
7495
8612
8145
8618
7443
8720
9502
8940
8939
8439
8717
8980
8715
8331
8625
7960
9044
8239
8455
7958
8592
9870
9871
9486
8312
8936
8983
9000
9002
8983
8943
8604
9050
8990
8990
9865
8618
8263
8604
8984
8931
8320
7972
7957
8554
8083
9506
8937
8940
8999
8258
8949
8137
9876
9512
8728
7992
8446
9024
8154
8247
8601
9491
8247
8713
7964
8447
8484
9492
8323
9095
9864
9872
9490
8588
9500
8149
8624
9492
8447
8312
9490
8241
8725
8133
9502
8980
8990
8942
8133
8153
8253
8446
8085
8481
8548
9047
8448
8618
9034
8134
9027
8085
9881
8549
8257
8727
8943
8996
8550
8547
8133
8464
8461
8459
7968
9872
7977
8595
8990
8997
9042
9031
8247
8936
9868
8445
8158
8243
8453
8618
8455
8145
8455
8934
8549
8439
9872
8588
8455
8486
8449
8444
8139
8274
8451
7443
8715
8611
8323
8440
8452
8604
8713
9881
9493
9026
8450
8937
8454
8714
8135
9184
9043
9047
9487
8338
8141
9047
8085
9002
8241
8485
8615
8595
9035
8725
8991
9183
9041
8931
8720
8462
8156
8727
8149
8984
8144
9029
8134
8979
8938
8624
8439
8078
8996
8466
8933
8263
8941
8134
8625
9510
8934
8319
8452
8462
8720
8613
8718
9024
8150
8948
8979
8595
8452
8990
9049
9193
9494
8443
9185
8947
8990
8977
8942
9026
7992
8452
9869
8611
9027
8597
8257
8331
8456
8335
8945
7972
8081
10001
8938
9502
8447
8551
9509
8461
8720
8715
8311
8486
8247
8603
8309
8566
8485
8616
8077
8719
9872
9492
9033
8552
9487
8261
8566
8083
9044
8158
8244
8484
8464
8996
7975
7990
8935
8439
8482
8081
8331
8597
8080
9048
8315
8464
8711
8145
8601
8450
8444
9000
8592
8082
9493
8941
8442
8721
8254
9509
9027
8255
8939
8155
8138
8453
8946
9043
8458
8602
7962
8256
8147
9034
7977
8993
8483
8623
8465
8452
8568
8932
8597
8332
8461
8150
8567
8984
8717
9184
8156
8338
8456
8135
8606
8133
9871
8551
8131
9487
9863
8947
8950
9025
8320
8156
9497
8319
8153
9500
8086
7975
8485
9182
8603
8322
9000
8933
7495
9195
8255
8253
8945
8461
8241
8083
9502
8448
8567
8989
7815
8943
8448
8439
9888
8993
9888
8997
9002
9891
8323
7977
8309
9869
9485
8131
8255
8453
8252
8319
9492
8482
8612
8992
8618
8719
8602
9864
8318
8154
8938
8711
8134
8311
8553
9035
8147
8462
8455
8135
8080
9493
8985
8547
9865
9876
8250
8553
9034
8253
8439
8247
9024
8465
8550
8153
9193
9500
8455
9047
9883
9181
8150
8077
8239
8551
8712
8086
8603
8932
8330
7495
9871
8549
9045
8249
8996
10001
8728
8567
8322
8949
9085
8449
8333
9043
9049
8446
8452
8442
9048
8312
8331
8332
8329
8555
9195
8996
8997
9034
8711
8566
8989
8326
8713
8252
9872
8462
8982
9047
7975
9494
8244
9036
7972
8944
8131
9183
8450
8149
8261
8932
9048
8256
8625
9088
8155
8553
8250
9048
9510
8984
8086
8938
8335
8945
8326
8462
8483
8449
8715
9490
8728
7957
8726
9184
8330
8439
8332
9493
8466
8145
8455
9024
9509
8588
8713
7990
8158
9486
9025
8721
9870
8247
8451
9088
8566
8447
8613
8725
8992
8484
8155
8717
8568
8329
9508
8239
9034
8484
9041
7957
8600
8081
7972
8604
7960
8601
8939
8549
8714
8141
8156
8940
8613
8451
9025
8252
8727
8454
8600
9196
8484
8946
9044
9024
8244
8595
8483
8991
10001
8551
9485
8728
8315
9002
8461
8446
7975
8655
8655
8459
8601
9863
8464
8947
8606
8341
9888
8992
9038
10001
8131
9024
9870
9042
9024
8591
9509
9485
8453
9031
8979
9494
8311
9891
8952
8323
8138
8078
9088
8335
9039
8613
8566
7962
9494
8341
8456
9501
8937
8715
9507
8547
8483
9049
8452
9043
8942
9876
8081
8941
9891
8341
8274
8616
9869
8716
9038
8447
9497
9497
8995
8450
8084
8980
9488
8252
9869
9509
8333
8147
9506
8555
8549
8146
8239
8077
8259
8616
8588
8139
7443
8252
8618
9185
8333
8606
8711
7992
9182
8320
8239
8158
8323
8133
8486
8254
8256
8626
8256
9196
9035
8259
8133
8145
8626
8077
8155
8611
7968
8721
7991
8991
8550
9196
8442
9000
8154
8158
9039
9196
8616
8332
8341
8249
8147
9041
8592
8445
8448
8462
8950
8078
9488
8612
8548
8550
8595
9868
9049
8716
8623
8243
8456
8257
8655
8566
9891
7992
8154
8712
8132
8259
9870
8655
9026
8081
8082
8137
8567
8983
8135
7443
8727
8983
8566
9044
8997
9506
8464
8141
8725
9487
8713
9044
8984
8625
8602
8597
8318
8446
8725
8313
7962
8595
9491
8084
8140
8716
9185
9033
8153
8317
8439
8980
9888
8154
8600
8444
9868
7964
8439
8995
8600
8985
8551
8551
8601
8948
7495
9048
8626
8486
8312
8086
8325
8624
8464
8591
8243
9508
7958
8439
9088
8941
9863
9025
8716
9029
9491
8978
9047
8947
9507
8997
9512
8081
8144
8979
8333
7991
8239
7962
8985
8086
8993
8567
8317
8461
8551
8989
8936
8999
7962
9095
7964
9002
9184
8134
8720
8139
8139
8950
9029
8249
9881
7990
8943
8445
8140
8322
8938
7964
9881
8147
8623
8727
8332
9037
8131
8713
8132
8726
8332
8449
9184
8445
9863
9512
9881
8143
8458
8566
9509
8995
8483
8555
9869
8257
9881
8313
8949
8145
8567
9487
8946
9195
8332
8318
9196
8724
8625
8145
8134
9870
8552
9485
8447
8239
8938
9863
8263
8989
8601
7992
7977
8077
9085
8445
8989
9487
7495
9031
8987
8719
8937
8326
8943
8985
9491
9042
8249
9027
8936
8550
8984
8458
7962
9493
8588
8274
8714
8979
8943
8713
8978
9883
8591
9095
9872
8719
8331
9505
8464
8989
8456
7968
9871
8996
8465
8941
8333
8440
8724
9872
8257
8332
8329
8934
9183
8446
8078
9864
9095
9026
8999
9508
9088
9182
9031
8315
9881
8943
8944
8548
8952
9488
8485
8567
8081
8155
9185
8995
8553
9863
9870
8942
8083
7990
7495
8940
8078
9088
8259
8440
8131
9041
8625
8140
8949
8335
8452
9085
8338
8946
8568
8553
8082
8255
8726
8083
8458
8153
8454
8137
8259
8980
8461
8241
8995
8325
8440
8626
9183
8143
8323
7975
8997
8948
8601
8978
8331
8726
8150
8444
8313
8442
7991
8933
8078
8255
8338
8989
8244
8940
8718
8603
9863
8462
8992
8454
8624
8080
8153
8591
7958
9485
9196
8554
8712
8486
9506
9512
8465
8333
8444
8567
9025
8727
9506
8547
9049
9038
9505
7991
9490
8257
8466
9037
8933
9497
8602
8603
9033
8140
9182
8442
8241
9047
8311
8333
8721
8247
8600
8978
8604
8444
8313
8239
8458
9871
8143
8253
8150
9085
8952
8588
9508
8155
8939
8985
8154
9510
9195
9183
8980
8083
9034
8939
9025
9868
8717
9026
10001
8453
8984
9035
8999
9044
8449
9505
7992
8555
8721
8721
8274
8140
8550
9512
9033
8936
9507
8718
8623
9891
8144
9883
8655
8331
9045
8941
9487
8483
8991
8466
8547
9869
9510
8452
8239
8085
8604
8338
8440
9502
9195
8445
8149
9486
8715
8591
8978
8952
9488
8335
8319
8483
8252
9883
9501
9024
8943
8718
8135
8604
9485
9864
9491
9000
8084
8153
8944
7990
8995
7962
8464
8618
8612
8611
8323
8983
9501
8131
8719
8933
8131
9049
8547
8482
8143
8135
9501
8135
8150
8944
8451
9491
9883
8604
8992
9871
8258
8461
8325
8604
8252
8274
8715
9184
7815
8980
8261
8935
9869
9507
7957
7495
8993
9488
8451
8274
8080
8258
8330
9881
8717
7964
9000
9502
8591
8261
8466
8455
7990
8461
9487
8443
8154
8714
9883
8999
8990
8141
9028
8715
8987
9485
8950
8977
8977
9487
8711
8551
8938
9045
8250
8718
8255
8447
8241
9050
8987
8982
8983
9041
8259
9497
8338
8243
9182
8726
9031
8484
9493
9505
9034
9485
9182
9033
8612
8156
9026
8318
9510
8935
8317
9182
9507
8982
9025
8481
9029
9507
8338
9027
8995
9491
8485
8320
9876
9488
8713
8450
8313
8138
8452
8320
7975
8443
9487
8440
8618
8084
8082
8485
